-1.5744,0.33162,-0.064917,0.00047675,1.2554,-0.015095
-1.5743,0.33147,-0.065207,0.00048971,1.2559,-0.015139
-1.5741,0.33133,-0.065493,0.00050289,1.2564,-0.015183
-1.5739,0.33118,-0.065777,0.0005163,1.2569,-0.015227
-1.5738,0.33104,-0.066058,0.00052993,1.2574,-0.015272
-1.5736,0.33089,-0.066336,0.00054378,1.2579,-0.015317
-1.5734,0.33075,-0.066611,0.00055785,1.2584,-0.015362
-1.5732,0.3306,-0.066884,0.00057215,1.2589,-0.015408
-1.5731,0.33046,-0.067154,0.00058668,1.2594,-0.015454
-1.5729,0.33031,-0.067421,0.00060144,1.2599,-0.0155
-1.5727,0.33017,-0.067685,0.00061644,1.2603,-0.015547
-1.5725,0.33002,-0.067947,0.00063166,1.2608,-0.015593
-1.5723,0.32987,-0.068206,0.00064717,1.2613,-0.015641
-1.5722,0.32973,-0.068462,0.00066292,1.2618,-0.015688
-1.572,0.32958,-0.068716,0.0006789,1.2623,-0.015736
-1.5718,0.32943,-0.068967,0.00069513,1.2627,-0.015785
-1.5716,0.32928,-0.069215,0.00071159,1.2632,-0.015833
-1.5714,0.32914,-0.069461,0.00072829,1.2637,-0.015882
-1.5712,0.32899,-0.069704,0.00074524,1.2641,-0.015932
-1.571,0.32884,-0.069944,0.00076245,1.2646,-0.015981
-1.5708,0.32869,-0.070182,0.00077991,1.2651,-0.016031
-1.5706,0.32854,-0.070417,0.00079763,1.2655,-0.016081
-1.5704,0.32839,-0.070649,0.00081559,1.266,-0.016132
-1.5702,0.32824,-0.070879,0.0008338,1.2665,-0.016183
-1.57,0.32809,-0.071106,0.00085224,1.2669,-0.016234
-1.5698,0.32794,-0.071331,0.00087093,1.2674,-0.016286
-1.5696,0.32779,-0.071552,0.00088984,1.2678,-0.016337
-1.5694,0.32764,-0.071771,0.000909,1.2683,-0.016389
-1.5692,0.32749,-0.071988,0.00092839,1.2687,-0.016442
-1.569,0.32734,-0.072202,0.00094802,1.2692,-0.016494
-1.5688,0.32719,-0.072413,0.0009679,1.2696,-0.016547
-1.5686,0.32703,-0.072622,0.00098803,1.2701,-0.016601
-1.5684,0.32688,-0.072828,0.0010084,1.2705,-0.016654
-1.5682,0.32673,-0.073031,0.001029,1.2709,-0.016708
-1.568,0.32658,-0.073232,0.0010499,1.2714,-0.016762
-1.5678,0.32642,-0.073431,0.001071,1.2718,-0.016816
-1.5676,0.32627,-0.073626,0.0010923,1.2723,-0.016871
-1.5674,0.32612,-0.07382,0.0011139,1.2727,-0.016926
-1.5671,0.32596,-0.07401,0.0011357,1.2731,-0.016981
-1.5669,0.32581,-0.074198,0.0011578,1.2735,-0.017036
-1.5667,0.32565,-0.074384,0.0011802,1.274,-0.017092
-1.5665,0.3255,-0.074567,0.0012027,1.2744,-0.017148
-1.5663,0.32534,-0.074748,0.0012256,1.2748,-0.017204
-1.566,0.32519,-0.074926,0.0012487,1.2752,-0.017261
-1.5658,0.32503,-0.075101,0.0012721,1.2757,-0.017318
-1.5656,0.32487,-0.075274,0.0012957,1.2761,-0.017375
-1.5654,0.32472,-0.075445,0.0013196,1.2765,-0.017432
-1.5651,0.32456,-0.075613,0.0013437,1.2769,-0.01749
-1.5649,0.3244,-0.075779,0.0013682,1.2773,-0.017548
-1.5647,0.32424,-0.075942,0.0013929,1.2777,-0.017607
-1.5645,0.32409,-0.076103,0.0014179,1.2781,-0.017665
-1.5642,0.32393,-0.076261,0.0014431,1.2785,-0.017724
-1.564,0.32377,-0.076417,0.0014687,1.2789,-0.017784
-1.5637,0.32361,-0.07657,0.0014945,1.2793,-0.017843
-1.5635,0.32345,-0.076721,0.0015206,1.2797,-0.017903
-1.5633,0.32328,-0.07687,0.001547,1.2801,-0.017964
-1.563,0.32312,-0.077016,0.0015737,1.2805,-0.018024
-1.5628,0.32296,-0.077159,0.0016006,1.2809,-0.018085
-1.5625,0.3228,-0.077301,0.0016278,1.2813,-0.018146
-1.5623,0.32264,-0.07744,0.0016552,1.2817,-0.018207
-1.5621,0.32247,-0.077576,0.0016828,1.2821,-0.018269
-1.5618,0.32231,-0.077711,0.0017107,1.2825,-0.018331
-1.5616,0.32215,-0.077843,0.0017388,1.2828,-0.018393
-1.5613,0.32198,-0.077972,0.0017672,1.2832,-0.018455
-1.5611,0.32182,-0.078099,0.0017958,1.2836,-0.018517
-1.5608,0.32165,-0.078224,0.0018246,1.284,-0.01858
-1.5606,0.32149,-0.078347,0.0018537,1.2844,-0.018643
-1.5603,0.32132,-0.078468,0.001883,1.2847,-0.018706
-1.5601,0.32116,-0.078586,0.0019125,1.2851,-0.018769
-1.5598,0.32099,-0.078701,0.0019423,1.2855,-0.018833
-1.5595,0.32083,-0.078815,0.0019724,1.2858,-0.018897
-1.5593,0.32066,-0.078926,0.0020027,1.2862,-0.018961
-1.559,0.32049,-0.079035,0.0020333,1.2866,-0.019025
-1.5588,0.32032,-0.079141,0.0020642,1.2869,-0.01909
-1.5585,0.32016,-0.079246,0.0020953,1.2873,-0.019155
-1.5582,0.31999,-0.079347,0.0021268,1.2876,-0.01922
-1.558,0.31982,-0.079447,0.0021585,1.288,-0.019286
-1.5577,0.31965,-0.079544,0.0021905,1.2883,-0.019351
-1.5574,0.31948,-0.07964,0.0022227,1.2887,-0.019417
-1.5572,0.31931,-0.079732,0.0022551,1.289,-0.019484
-1.5569,0.31914,-0.079823,0.0022878,1.2894,-0.01955
-1.5566,0.31897,-0.079912,0.0023207,1.2897,-0.019617
-1.5563,0.3188,-0.079998,0.0023538,1.2901,-0.019683
-1.5561,0.31862,-0.080082,0.0023871,1.2904,-0.01975
-1.5558,0.31845,-0.080165,0.0024207,1.2908,-0.019818
-1.5555,0.31828,-0.080245,0.0024544,1.2911,-0.019885
-1.5552,0.31811,-0.080322,0.0024885,1.2914,-0.019953
-1.555,0.31794,-0.080398,0.0025227,1.2918,-0.02002
-1.5547,0.31776,-0.080472,0.0025572,1.2921,-0.020088
-1.5544,0.31759,-0.080543,0.0025919,1.2924,-0.020157
-1.5541,0.31742,-0.080612,0.0026268,1.2927,-0.020225
-1.5538,0.31724,-0.080679,0.0026621,1.2931,-0.020294
-1.5536,0.31707,-0.080744,0.0026979,1.2934,-0.020363
-1.5533,0.31689,-0.080807,0.0027343,1.2937,-0.020432
-1.553,0.31672,-0.080868,0.0027716,1.294,-0.020502
-1.5527,0.31654,-0.080926,0.0028098,1.2943,-0.020572
-1.5524,0.31636,-0.080983,0.002849,1.2947,-0.020643
-1.5521,0.31619,-0.081037,0.0028892,1.295,-0.020714
-1.5518,0.31601,-0.08109,0.0029306,1.2953,-0.020785
-1.5515,0.31583,-0.08114,0.0029733,1.2956,-0.020857
-1.5512,0.31566,-0.081189,0.0030175,1.2959,-0.02093
-1.5508,0.31527,-0.081546,0.0030783,1.2965,-0.021044
-1.5503,0.31488,-0.081896,0.0031412,1.2972,-0.02116
-1.5498,0.3145,-0.082241,0.0032065,1.2978,-0.021277
-1.5494,0.31415,-0.082534,0.0032743,1.2985,-0.021395
-1.5489,0.31381,-0.082823,0.0033448,1.2991,-0.021515
-1.5484,0.31346,-0.083105,0.0034181,1.2998,-0.021636
-1.548,0.31312,-0.083382,0.0034943,1.3005,-0.02176
-1.5475,0.31278,-0.083652,0.0035735,1.3012,-0.021884
-1.547,0.31244,-0.083916,0.0036558,1.3019,-0.022011
-1.5465,0.3121,-0.084174,0.0037414,1.3025,-0.022139
-1.546,0.31176,-0.084427,0.0038301,1.3032,-0.022269
-1.5455,0.31142,-0.084675,0.0039219,1.3039,-0.0224
-1.545,0.31108,-0.084917,0.0040172,1.3046,-0.022534
-1.5445,0.31074,-0.085153,0.004116,1.3053,-0.022669
-1.544,0.3104,-0.085383,0.0042188,1.306,-0.022805
-1.5435,0.31006,-0.085608,0.0043253,1.3066,-0.022944
-1.5429,0.30972,-0.085827,0.0044357,1.3073,-0.023084
-1.5424,0.30938,-0.08604,0.00455,1.308,-0.023227
-1.5419,0.30904,-0.086247,0.0046683,1.3087,-0.023371
-1.5414,0.3087,-0.086449,0.0047907,1.3094,-0.023517
-1.5408,0.30836,-0.086645,0.0049173,1.3101,-0.023665
-1.5403,0.30802,-0.086834,0.0050481,1.3107,-0.023814
-1.5398,0.30768,-0.087018,0.0051834,1.3114,-0.023966
-1.5392,0.30734,-0.087196,0.0053232,1.3121,-0.02412
-1.5387,0.307,-0.087368,0.0054676,1.3128,-0.024275
-1.5381,0.30665,-0.087534,0.0056167,1.3134,-0.024433
-1.5376,0.30631,-0.087694,0.0057708,1.3141,-0.024593
-1.537,0.30597,-0.087849,0.0059297,1.3147,-0.024755
-1.5365,0.30563,-0.087997,0.0060936,1.3154,-0.024918
-1.5359,0.30529,-0.08814,0.0062626,1.3161,-0.025084
-1.5353,0.30494,-0.088276,0.006437,1.3167,-0.025253
-1.5348,0.3046,-0.088407,0.0066166,1.3174,-0.025423
-1.5342,0.30426,-0.088531,0.0068016,1.318,-0.025596
-1.5336,0.30391,-0.088649,0.0069922,1.3187,-0.02577
-1.533,0.30357,-0.08876,0.0071884,1.3193,-0.025947
-1.5325,0.30322,-0.088866,0.0073903,1.3199,-0.026127
-1.5319,0.30288,-0.088965,0.007598,1.3205,-0.026308
-1.5313,0.30253,-0.089057,0.0078116,1.3212,-0.026492
-1.5307,0.30219,-0.089143,0.0080313,1.3218,-0.026678
-1.5301,0.30184,-0.089223,0.0082571,1.3224,-0.026867
-1.5295,0.30149,-0.089296,0.0084891,1.323,-0.027058
-1.5289,0.30114,-0.089363,0.0087274,1.3236,-0.027251
-1.5283,0.30079,-0.089424,0.0089719,1.3242,-0.027447
-1.5277,0.30044,-0.089479,0.0092229,1.3248,-0.027646
-1.5271,0.30009,-0.089527,0.0094803,1.3253,-0.027846
-1.5265,0.29974,-0.089571,0.0097443,1.3259,-0.02805
-1.5259,0.29939,-0.089609,0.010015,1.3265,-0.028258
-1.5253,0.29904,-0.089643,0.010292,1.3271,-0.02847
-1.5247,0.29869,-0.089671,0.010577,1.3277,-0.028686
-1.524,0.29833,-0.089695,0.010867,1.3282,-0.028906
-1.5234,0.29798,-0.089714,0.011166,1.3288,-0.029129
-1.5228,0.29763,-0.089728,0.01147,1.3294,-0.029356
-1.5222,0.29728,-0.089737,0.011781,1.3299,-0.029591
-1.5215,0.29693,-0.089741,0.012101,1.3305,-0.02983
-1.5209,0.29658,-0.089739,0.012426,1.3311,-0.030072
-1.5203,0.29623,-0.089733,0.012758,1.3316,-0.030318
-1.5196,0.29588,-0.089723,0.013097,1.3322,-0.030567
-1.519,0.29553,-0.089707,0.013441,1.3328,-0.030818
-1.5183,0.29518,-0.08969,0.013792,1.3333,-0.031072
-1.5177,0.29483,-0.089668,0.014148,1.3339,-0.031324
-1.517,0.29448,-0.089642,0.014511,1.3345,-0.031582
-1.5164,0.29413,-0.089614,0.014879,1.335,-0.031848
-1.5157,0.29378,-0.089581,0.015254,1.3356,-0.032117
-1.5151,0.29343,-0.089544,0.015634,1.3362,-0.03239
-1.5144,0.29308,-0.089502,0.016022,1.3367,-0.032671
-1.5137,0.29274,-0.089455,0.016416,1.3373,-0.032956
-1.5131,0.29239,-0.089404,0.016816,1.3378,-0.033243
-1.5124,0.29204,-0.089348,0.017222,1.3384,-0.033535
-1.5117,0.29169,-0.089288,0.017634,1.3389,-0.033832
-1.511,0.29135,-0.089224,0.018053,1.3395,-0.034136
-1.5103,0.291,-0.089155,0.018478,1.3401,-0.034444
-1.5097,0.29065,-0.089081,0.01891,1.3406,-0.03476
-1.509,0.29031,-0.089005,0.019348,1.3411,-0.035091
-1.5083,0.28996,-0.088924,0.019792,1.3417,-0.035427
-1.5076,0.28962,-0.088839,0.020242,1.3422,-0.035765
-1.5069,0.28927,-0.08875,0.020697,1.3428,-0.036108
-1.5062,0.28893,-0.088657,0.021158,1.3433,-0.036447
-1.5055,0.28859,-0.08856,0.021626,1.3438,-0.036793
-1.5048,0.28825,-0.088458,0.022099,1.3444,-0.037142
-1.5041,0.2879,-0.088352,0.022578,1.3449,-0.037494
-1.5034,0.28756,-0.088243,0.023062,1.3454,-0.037849
-1.5027,0.28723,-0.088131,0.023553,1.346,-0.038215
-1.502,0.28689,-0.088016,0.024049,1.3465,-0.038584
-1.5012,0.28655,-0.087899,0.02455,1.347,-0.038965
-1.5005,0.28621,-0.087776,0.025057,1.3476,-0.039357
-1.4998,0.28587,-0.08765,0.02557,1.3481,-0.039753
-1.4991,0.28554,-0.08752,0.026088,1.3486,-0.040146
-1.4984,0.2852,-0.087386,0.026612,1.3492,-0.040543
-1.4976,0.28486,-0.087249,0.027142,1.3497,-0.040944
-1.4969,0.28453,-0.087105,0.027679,1.3502,-0.041358
-1.4962,0.2842,-0.086958,0.028221,1.3507,-0.041775
-1.4954,0.28387,-0.086805,0.028769,1.3513,-0.042189
-1.4947,0.28354,-0.08665,0.02932,1.3518,-0.042616
-1.494,0.28322,-0.086492,0.029876,1.3523,-0.043054
-1.4932,0.28289,-0.086331,0.030438,1.3529,-0.043491
-1.4925,0.28257,-0.086167,0.031006,1.3534,-0.043931
-1.4917,0.28224,-0.086002,0.031577,1.3539,-0.044368
-1.491,0.28192,-0.085834,0.032154,1.3544,-0.044809
-1.4902,0.2816,-0.085662,0.032736,1.355,-0.045252
-1.4895,0.28128,-0.085487,0.033323,1.3555,-0.045699
-1.4887,0.28096,-0.085309,0.033915,1.356,-0.046155
-1.4879,0.28064,-0.085127,0.034513,1.3565,-0.046614
-1.4872,0.28032,-0.084945,0.035114,1.3571,-0.047078
-1.4864,0.28001,-0.08476,0.03572,1.3576,-0.047543
-1.4856,0.27969,-0.084572,0.036331,1.3581,-0.04802
-1.4849,0.27937,-0.084383,0.036947,1.3586,-0.048509
-1.4841,0.27906,-0.084191,0.03757,1.3592,-0.048994
-1.4833,0.27874,-0.083996,0.038199,1.3597,-0.049482
-1.4825,0.27843,-0.083797,0.038834,1.3602,-0.049973
-1.4818,0.27811,-0.083593,0.039473,1.3607,-0.050467
-1.481,0.2778,-0.083389,0.040116,1.3612,-0.050957
-1.4802,0.27748,-0.083181,0.040764,1.3618,-0.051446
-1.4794,0.27717,-0.08297,0.041416,1.3623,-0.051937
-1.4786,0.27686,-0.082753,0.042073,1.3628,-0.052425
-1.4778,0.27656,-0.082536,0.042734,1.3633,-0.052919
-1.477,0.27625,-0.082316,0.043401,1.3638,-0.053412
-1.4762,0.27595,-0.082093,0.044072,1.3643,-0.053901
-1.4754,0.27564,-0.081869,0.044749,1.3648,-0.054399
-1.4746,0.27533,-0.081642,0.04543,1.3654,-0.054894
-1.4738,0.27503,-0.081416,0.046115,1.3659,-0.055384
-1.473,0.27473,-0.081187,0.046804,1.3664,-0.055878
-1.4722,0.27443,-0.080959,0.047498,1.3669,-0.056367
-1.4714,0.27413,-0.080725,0.048197,1.3674,-0.056868
-1.4705,0.27384,-0.08049,0.0489,1.3679,-0.057372
-1.4697,0.27354,-0.080251,0.049608,1.3684,-0.057879
-1.4689,0.27325,-0.08001,0.050321,1.3689,-0.058389
-1.4681,0.27295,-0.079764,0.051039,1.3694,-0.058902
-1.4673,0.27266,-0.079515,0.051761,1.3699,-0.059418
-1.4664,0.27237,-0.079264,0.052488,1.3704,-0.059937
-1.4656,0.27207,-0.07901,0.053219,1.3709,-0.06046
-1.4648,0.27178,-0.078754,0.053955,1.3714,-0.060992
-1.4639,0.2715,-0.078502,0.054695,1.3719,-0.06153
-1.4631,0.27121,-0.078247,0.055439,1.3724,-0.062078
-1.4622,0.27093,-0.077991,0.056188,1.3729,-0.062636
-1.4614,0.27065,-0.077734,0.056941,1.3734,-0.063205
-1.4606,0.27037,-0.077476,0.057698,1.3739,-0.063772
-1.4597,0.27009,-0.077215,0.05846,1.3744,-0.064337
-1.4589,0.26981,-0.076953,0.059226,1.3749,-0.064904
-1.458,0.26954,-0.076688,0.059996,1.3754,-0.065484
-1.4572,0.26926,-0.076422,0.060771,1.3758,-0.066069
-1.4563,0.26898,-0.076151,0.06155,1.3763,-0.066657
-1.4555,0.26871,-0.075878,0.062333,1.3768,-0.067247
-1.4546,0.26843,-0.075604,0.06312,1.3773,-0.06784
-1.4537,0.26817,-0.075329,0.06391,1.3778,-0.068432
-1.4529,0.2679,-0.075052,0.064705,1.3782,-0.069036
-1.452,0.26763,-0.07477,0.065501,1.3787,-0.069653
-1.4511,0.26737,-0.07449,0.066301,1.3792,-0.070274
-1.4503,0.2671,-0.074204,0.067105,1.3797,-0.070898
-1.4494,0.26684,-0.073917,0.067912,1.3801,-0.071524
-1.4485,0.26657,-0.073626,0.068724,1.3806,-0.072152
-1.4477,0.2663,-0.073332,0.069538,1.381,-0.072776
-1.4468,0.26604,-0.073037,0.070357,1.3815,-0.073403
-1.4459,0.26578,-0.072739,0.071179,1.382,-0.074032
-1.445,0.26552,-0.07244,0.072005,1.3824,-0.074663
-1.4441,0.26526,-0.07214,0.072834,1.3829,-0.075297
-1.4433,0.265,-0.071838,0.073668,1.3833,-0.075933
-1.4424,0.26474,-0.07154,0.074505,1.3838,-0.076581
-1.4415,0.26449,-0.07124,0.075346,1.3842,-0.077232
-1.4406,0.26424,-0.070941,0.076191,1.3847,-0.077889
-1.4397,0.264,-0.07064,0.07704,1.3852,-0.078549
-1.4388,0.26375,-0.070341,0.077893,1.3856,-0.079213
-1.4379,0.26351,-0.070041,0.07875,1.3861,-0.079878
-1.437,0.26327,-0.069739,0.079611,1.3865,-0.080543
-1.4361,0.26303,-0.069436,0.080475,1.387,-0.081211
-1.4352,0.2628,-0.069132,0.081344,1.3874,-0.081886
-1.4343,0.26256,-0.068824,0.082216,1.3878,-0.082564
-1.4334,0.26232,-0.068511,0.083092,1.3883,-0.083244
-1.4325,0.26209,-0.068197,0.083971,1.3887,-0.083927
-1.4316,0.26185,-0.067882,0.084855,1.3892,-0.084612
-1.4307,0.26162,-0.067565,0.085742,1.3896,-0.0853
-1.4297,0.26139,-0.067248,0.086632,1.39,-0.085989
-1.4288,0.26115,-0.066928,0.087525,1.3905,-0.086691
-1.4279,0.26092,-0.066607,0.088422,1.3909,-0.087391
-1.427,0.26069,-0.066285,0.089323,1.3914,-0.088091
-1.4261,0.26046,-0.065963,0.090227,1.3918,-0.088797
-1.4251,0.26023,-0.06564,0.091134,1.3922,-0.089505
-1.4242,0.26001,-0.065316,0.092042,1.3927,-0.090215
-1.4233,0.25978,-0.064989,0.092943,1.3931,-0.090938
-1.4224,0.25956,-0.064661,0.093847,1.3936,-0.091666
-1.4214,0.25934,-0.064333,0.094754,1.394,-0.092396
-1.4205,0.25912,-0.064008,0.09566,1.3945,-0.093124
-1.4195,0.2589,-0.063682,0.09657,1.3949,-0.093855
-1.4186,0.25869,-0.063355,0.097483,1.3954,-0.094587
-1.4177,0.25847,-0.063024,0.0984,1.3958,-0.095322
-1.4167,0.25826,-0.062693,0.099319,1.3963,-0.096058
-1.4158,0.25805,-0.06236,0.10024,1.3967,-0.096807
-1.4148,0.25784,-0.062027,0.10117,1.3972,-0.097567
-1.4139,0.25763,-0.061691,0.1021,1.3976,-0.098329
-1.4129,0.25742,-0.061352,0.10303,1.398,-0.099093
-1.412,0.25722,-0.061011,0.10396,1.3985,-0.099859
-1.411,0.25701,-0.060675,0.1049,1.3989,-0.10064
-1.4101,0.25681,-0.060338,0.10584,1.3993,-0.10141
-1.4091,0.25661,-0.060002,0.10679,1.3997,-0.10218
-1.4082,0.25642,-0.059664,0.10773,1.4001,-0.10296
-1.4072,0.25623,-0.059329,0.10868,1.4005,-0.10373
-1.4062,0.25604,-0.058994,0.10963,1.4009,-0.1045
-1.4053,0.25586,-0.058658,0.11058,1.4013,-0.10527
-1.4043,0.25568,-0.058321,0.11153,1.4017,-0.10605
-1.4033,0.2555,-0.057984,0.11249,1.4022,-0.10682
-1.4024,0.25532,-0.057649,0.11345,1.4026,-0.1076
-1.4014,0.25515,-0.057312,0.11441,1.403,-0.10837
-1.4004,0.25497,-0.056974,0.11537,1.4034,-0.10914
-1.3994,0.2548,-0.056632,0.11633,1.4038,-0.10992
-1.3984,0.25462,-0.056288,0.11729,1.4041,-0.11069
-1.3975,0.25445,-0.055943,0.11825,1.4045,-0.11147
-1.3965,0.25428,-0.055598,0.11921,1.4049,-0.11225
-1.3955,0.25411,-0.055254,0.12018,1.4053,-0.11302
-1.3945,0.25394,-0.054909,0.12114,1.4057,-0.11379
-1.3935,0.25377,-0.054562,0.1221,1.4061,-0.11456
-1.3925,0.25361,-0.054217,0.12306,1.4065,-0.11533
-1.3916,0.25345,-0.053868,0.12402,1.4069,-0.1161
-1.3906,0.2533,-0.05352,0.12499,1.4073,-0.11688
-1.3896,0.25314,-0.053175,0.12594,1.4077,-0.11766
-1.3886,0.25298,-0.052829,0.1269,1.4081,-0.11844
-1.3876,0.25283,-0.052483,0.12785,1.4085,-0.11922
-1.3866,0.25268,-0.052136,0.1288,1.4089,-0.12
-1.3856,0.25253,-0.05179,0.12975,1.4093,-0.12077
-1.3846,0.25239,-0.051443,0.1307,1.4097,-0.12155
-1.3836,0.25224,-0.051096,0.13165,1.4101,-0.12233
-1.3826,0.2521,-0.050749,0.1326,1.4105,-0.12311
-1.3816,0.25196,-0.050402,0.13355,1.4109,-0.1239
-1.3805,0.25182,-0.050055,0.13449,1.4113,-0.12469
-1.3795,0.25168,-0.049708,0.13544,1.4117,-0.12548
-1.3785,0.25154,-0.049361,0.13638,1.4121,-0.12628
-1.3775,0.25141,-0.049015,0.13732,1.4125,-0.1271
-1.3765,0.25129,-0.048669,0.13826,1.413,-0.12791
-1.3755,0.25116,-0.04832,0.1392,1.4134,-0.12872
-1.3744,0.25104,-0.047971,0.14013,1.4138,-0.12953
-1.3734,0.25091,-0.047626,0.14107,1.4142,-0.13035
-1.3724,0.25079,-0.047278,0.142,1.4146,-0.13117
-1.3713,0.25066,-0.046931,0.14292,1.415,-0.13199
-1.3703,0.25054,-0.046584,0.14385,1.4155,-0.13281
-1.3693,0.25042,-0.046234,0.14477,1.4159,-0.13363
-1.3683,0.2503,-0.045886,0.14569,1.4163,-0.13445
-1.3672,0.25019,-0.045539,0.14661,1.4167,-0.13528
-1.3662,0.25007,-0.045191,0.14752,1.4171,-0.1361
-1.3651,0.24996,-0.044843,0.14843,1.4175,-0.13692
-1.3641,0.24985,-0.044496,0.14934,1.418,-0.13776
-1.363,0.24974,-0.044149,0.15024,1.4184,-0.13859
-1.362,0.24963,-0.043804,0.15114,1.4188,-0.13942
-1.361,0.24953,-0.043458,0.15204,1.4192,-0.14026
-1.3599,0.24943,-0.043112,0.15294,1.4197,-0.14109
-1.3589,0.24932,-0.042769,0.15383,1.4201,-0.14193
-1.3578,0.24923,-0.042425,0.15471,1.4205,-0.14278
-1.3567,0.24913,-0.042082,0.1556,1.421,-0.14362
-1.3557,0.24903,-0.041737,0.15648,1.4214,-0.14447
-1.3546,0.24893,-0.041391,0.15735,1.4218,-0.14533
-1.3536,0.24884,-0.041043,0.15823,1.4222,-0.14617
-1.3525,0.24874,-0.040695,0.15909,1.4227,-0.14702
-1.3514,0.24864,-0.040345,0.15996,1.4231,-0.14787
-1.3504,0.24855,-0.039994,0.16082,1.4235,-0.14872
-1.3493,0.24845,-0.039642,0.16168,1.4239,-0.14956
-1.3482,0.24836,-0.039289,0.16253,1.4243,-0.15041
-1.3471,0.24826,-0.038936,0.16338,1.4247,-0.15124
-1.3461,0.24816,-0.038582,0.16422,1.4251,-0.15207
-1.345,0.24807,-0.038225,0.16506,1.4255,-0.1529
-1.3439,0.24797,-0.037867,0.1659,1.4259,-0.15373
-1.3428,0.24787,-0.037508,0.16673,1.4263,-0.15455
-1.3418,0.24777,-0.03715,0.16755,1.4267,-0.15538
-1.3407,0.24767,-0.036791,0.16837,1.4271,-0.15621
-1.3396,0.24757,-0.036431,0.16918,1.4274,-0.15703
-1.3385,0.24747,-0.036072,0.16999,1.4278,-0.15785
-1.3374,0.24737,-0.035709,0.1708,1.4282,-0.15866
-1.3363,0.24727,-0.035346,0.17161,1.4285,-0.15948
-1.3352,0.24717,-0.034982,0.17241,1.4289,-0.16028
-1.3341,0.24707,-0.034618,0.1732,1.4292,-0.16109
-1.333,0.24697,-0.034252,0.174,1.4296,-0.16189
-1.3319,0.24687,-0.033886,0.17478,1.4299,-0.1627
-1.3308,0.24677,-0.03352,0.17557,1.4303,-0.16349
-1.3297,0.24667,-0.033154,0.17635,1.4306,-0.16429
-1.3286,0.24657,-0.032789,0.17713,1.4309,-0.16508
-1.3275,0.24647,-0.032427,0.1779,1.4313,-0.16586
-1.3264,0.24636,-0.032061,0.17867,1.4316,-0.16663
-1.3253,0.24625,-0.031692,0.17943,1.4319,-0.1674
-1.3242,0.24615,-0.031319,0.18019,1.4322,-0.16816
-1.3231,0.24604,-0.030948,0.18095,1.4325,-0.16893
-1.322,0.24593,-0.030581,0.1817,1.4328,-0.16971
-1.3209,0.24583,-0.030214,0.18245,1.4331,-0.1705
-1.3197,0.24573,-0.029846,0.18319,1.4334,-0.17127
-1.3186,0.24563,-0.029477,0.18393,1.4337,-0.17205
-1.3175,0.24553,-0.029107,0.18467,1.434,-0.17283
-1.3164,0.24542,-0.028731,0.1854,1.4342,-0.17359
-1.3153,0.24532,-0.028355,0.18613,1.4345,-0.17435
-1.3141,0.24521,-0.027977,0.18685,1.4348,-0.17509
-1.313,0.24511,-0.027598,0.18757,1.4351,-0.17582
-1.3119,0.24501,-0.027219,0.18828,1.4354,-0.17654
-1.3108,0.2449,-0.026838,0.189,1.4356,-0.17726
-1.3097,0.2448,-0.026455,0.1897,1.4359,-0.17799
-1.3085,0.2447,-0.026075,0.19041,1.4361,-0.1787
-1.3074,0.24459,-0.025693,0.19111,1.4364,-0.1794
-1.3063,0.24449,-0.025312,0.1918,1.4366,-0.18009
-1.3051,0.24438,-0.024932,0.1925,1.4368,-0.1808
-1.304,0.24426,-0.02455,0.19319,1.4371,-0.1815
-1.3029,0.24415,-0.024171,0.19388,1.4373,-0.18218
-1.3017,0.24404,-0.023791,0.19456,1.4375,-0.18287
-1.3006,0.24393,-0.023417,0.19524,1.4377,-0.18356
-1.2995,0.24381,-0.023037,0.19592,1.4379,-0.18425
-1.2983,0.24369,-0.022657,0.19659,1.4382,-0.18494
-1.2972,0.24357,-0.022276,0.19727,1.4384,-0.18562
-1.2961,0.24345,-0.021891,0.19793,1.4386,-0.18631
-1.2949,0.24333,-0.021507,0.1986,1.4388,-0.187
-1.2938,0.24321,-0.021122,0.19926,1.439,-0.18768
-1.2927,0.24309,-0.020734,0.19992,1.4392,-0.18835
-1.2915,0.24296,-0.020345,0.20058,1.4394,-0.18903
-1.2904,0.24284,-0.019956,0.20123,1.4395,-0.18969
-1.2892,0.24272,-0.019562,0.20188,1.4397,-0.19035
-1.2881,0.2426,-0.019168,0.20253,1.4399,-0.19101
-1.2869,0.24247,-0.018771,0.20317,1.4401,-0.19167
-1.2858,0.24235,-0.018374,0.20381,1.4403,-0.19232
-1.2847,0.24223,-0.017979,0.20445,1.4405,-0.19298
-1.2835,0.2421,-0.017578,0.20508,1.4406,-0.19365
-1.2824,0.24198,-0.01718,0.20571,1.4408,-0.19433
-1.2812,0.24185,-0.016781,0.20634,1.441,-0.195
-1.2801,0.24172,-0.016385,0.20696,1.4412,-0.19568
-1.2789,0.24159,-0.015986,0.20759,1.4413,-0.19636
-1.2778,0.24146,-0.015587,0.20821,1.4415,-0.19705
-1.2766,0.24133,-0.015185,0.20882,1.4416,-0.19775
-1.2755,0.2412,-0.014782,0.20944,1.4418,-0.19844
-1.2743,0.24107,-0.014382,0.21004,1.442,-0.19914
-1.2732,0.24094,-0.013978,0.21065,1.4421,-0.19985
-1.272,0.24081,-0.01357,0.21125,1.4423,-0.20056
-1.2708,0.24068,-0.01316,0.21185,1.4424,-0.20127
-1.2697,0.24054,-0.012751,0.21244,1.4426,-0.20197
-1.2685,0.2404,-0.012339,0.21304,1.4427,-0.20267
-1.2674,0.24027,-0.011928,0.21363,1.4428,-0.20337
-1.2662,0.24013,-0.011516,0.21421,1.443,-0.20407
-1.2651,0.24,-0.011106,0.2148,1.4431,-0.20476
-1.2639,0.23986,-0.010697,0.21538,1.4433,-0.20546
-1.2627,0.23973,-0.010287,0.21596,1.4434,-0.20615
-1.2616,0.2396,-0.0098777,0.21653,1.4435,-0.20684
-1.2604,0.23946,-0.0094676,0.2171,1.4437,-0.20752
-1.2592,0.23932,-0.0090488,0.21768,1.4438,-0.20819
-1.2581,0.23918,-0.0086293,0.21825,1.4439,-0.20886
-1.2569,0.23904,-0.0082091,0.21881,1.4441,-0.20953
-1.2557,0.2389,-0.0077861,0.21938,1.4442,-0.21019
-1.2546,0.23876,-0.0073633,0.21994,1.4443,-0.21085
-1.2534,0.23862,-0.0069448,0.2205,1.4444,-0.21151
-1.2522,0.23848,-0.0065244,0.22105,1.4445,-0.21218
-1.251,0.23834,-0.0061031,0.2216,1.4446,-0.21282
-1.2499,0.2382,-0.0056816,0.22216,1.4447,-0.21347
-1.2487,0.23806,-0.0052621,0.2227,1.4449,-0.2141
-1.2475,0.23792,-0.0048423,0.22325,1.445,-0.21474
-1.2463,0.23778,-0.004419,0.22379,1.4451,-0.21538
-1.2452,0.23763,-0.0039917,0.22433,1.4452,-0.21602
-1.244,0.23748,-0.0035644,0.22487,1.4453,-0.21665
-1.2428,0.23733,-0.0031369,0.2254,1.4454,-0.21726
-1.2416,0.23718,-0.0027043,0.22593,1.4455,-0.21787
-1.2404,0.23703,-0.0022723,0.22646,1.4456,-0.21848
-1.2393,0.23688,-0.0018379,0.22699,1.4457,-0.21909
-1.2381,0.23672,-0.001403,0.22752,1.4458,-0.2197
-1.2369,0.23657,-0.00096955,0.22804,1.4458,-0.22032
-1.2357,0.23642,-0.00053408,0.22856,1.4459,-0.22094
-1.2345,0.23627,-9.9797e-05,0.22908,1.446,-0.22157
-1.2333,0.23611,0.00033558,0.22959,1.4461,-0.2222
-1.2321,0.23595,0.00077323,0.2301,1.4461,-0.22283
-1.231,0.23579,0.0012116,0.23061,1.4462,-0.22346
-1.2298,0.23563,0.0016542,0.23112,1.4463,-0.22407
-1.2286,0.23546,0.0020969,0.23162,1.4463,-0.22468
-1.2274,0.2353,0.0025411,0.23212,1.4464,-0.22529
-1.2262,0.23513,0.0029857,0.23261,1.4465,-0.2259
-1.225,0.23496,0.0034339,0.23311,1.4465,-0.2265
-1.2238,0.23479,0.0038801,0.2336,1.4466,-0.22712
-1.2226,0.23462,0.0043263,0.23409,1.4467,-0.22773
-1.2214,0.23444,0.0047724,0.23457,1.4467,-0.22834
-1.2202,0.23427,0.0052187,0.23506,1.4468,-0.22894
-1.2191,0.2341,0.0056627,0.23554,1.4469,-0.22956
-1.2179,0.23393,0.0061033,0.23602,1.447,-0.23017
-1.2167,0.23375,0.0065464,0.2365,1.447,-0.23077
-1.2155,0.23358,0.0069895,0.23697,1.4471,-0.23137
-1.2143,0.2334,0.0074359,0.23744,1.4471,-0.23197
-1.2131,0.23323,0.007883,0.23792,1.4472,-0.23257
-1.2119,0.23305,0.0083309,0.23839,1.4472,-0.23317
-1.2107,0.23287,0.0087786,0.23886,1.4473,-0.23376
-1.2095,0.2327,0.0092262,0.23932,1.4473,-0.23435
-1.2083,0.23252,0.0096741,0.23979,1.4474,-0.23494
-1.2071,0.23234,0.010118,0.24025,1.4474,-0.23551
-1.2059,0.23217,0.010566,0.24071,1.4474,-0.23609
-1.2047,0.23199,0.011013,0.24119,1.4474,-0.23667
-1.2035,0.23181,0.011462,0.24166,1.4474,-0.23724
-1.2023,0.23163,0.011907,0.24212,1.4475,-0.2378
-1.2011,0.23145,0.012355,0.24258,1.4475,-0.23836
-1.1999,0.23127,0.012802,0.24304,1.4475,-0.23893
-1.1987,0.23108,0.013249,0.24349,1.4475,-0.2395
-1.1975,0.2309,0.013694,0.24394,1.4475,-0.24006
-1.1963,0.23071,0.014139,0.2444,1.4475,-0.24062
-1.1951,0.23053,0.014586,0.24484,1.4475,-0.24117
-1.1939,0.23034,0.015032,0.24529,1.4475,-0.2417
-1.1927,0.23016,0.015473,0.24573,1.4476,-0.24224
-1.1915,0.22998,0.015912,0.24616,1.4476,-0.24278
-1.1903,0.2298,0.016352,0.2466,1.4476,-0.24331
-1.189,0.22962,0.016796,0.24704,1.4476,-0.24384
-1.1878,0.22943,0.01724,0.24747,1.4477,-0.24437
-1.1866,0.22924,0.017685,0.2479,1.4477,-0.2449
-1.1854,0.22905,0.018129,0.24833,1.4477,-0.24542
-1.1842,0.22886,0.018578,0.24876,1.4478,-0.24595
-1.183,0.22867,0.019027,0.24919,1.4478,-0.24648
-1.1818,0.22847,0.019478,0.24961,1.4479,-0.24701
-1.1806,0.22827,0.019932,0.25003,1.4479,-0.24754
-1.1794,0.22807,0.020386,0.25046,1.4479,-0.24807
-1.1782,0.22786,0.020841,0.25088,1.4479,-0.24861
-1.177,0.22765,0.021291,0.25129,1.4479,-0.24914
-1.1757,0.22744,0.021741,0.25171,1.448,-0.24969
-1.1745,0.22724,0.02219,0.25211,1.448,-0.25023
-1.1733,0.22703,0.022636,0.25252,1.4481,-0.25077
-1.1721,0.22683,0.023085,0.25293,1.4481,-0.25132
-1.1709,0.22662,0.023533,0.25333,1.4481,-0.25185
-1.1697,0.22641,0.023984,0.25373,1.4482,-0.25239
-1.1685,0.2262,0.024434,0.25413,1.4482,-0.25293
-1.1673,0.22599,0.024882,0.25453,1.4482,-0.25349
-1.1661,0.22577,0.025335,0.25494,1.4482,-0.25404
-1.1648,0.22556,0.025788,0.25533,1.4482,-0.25459
-1.1636,0.22534,0.02624,0.25573,1.4483,-0.25513
-1.1624,0.22512,0.026698,0.25613,1.4482,-0.25567
-1.1612,0.2249,0.027157,0.25653,1.4482,-0.2562
-1.16,0.22467,0.027615,0.25694,1.4482,-0.25674
-1.1588,0.22444,0.028076,0.25734,1.4482,-0.25728
-1.1575,0.22421,0.02854,0.25774,1.4482,-0.25783
-1.1563,0.22398,0.029002,0.25813,1.4482,-0.25838
-1.1551,0.22375,0.029465,0.25851,1.4481,-0.25892
-1.1539,0.22352,0.029926,0.25889,1.4481,-0.25946
-1.1527,0.22328,0.03039,0.25927,1.4481,-0.25999
-1.1514,0.22305,0.030853,0.25965,1.448,-0.26052
-1.1502,0.22281,0.031316,0.26003,1.448,-0.26106
-1.149,0.22258,0.031781,0.26041,1.448,-0.26158
-1.1478,0.22234,0.032245,0.26079,1.4479,-0.26208
-1.1465,0.2221,0.032713,0.26116,1.4479,-0.26259
-1.1453,0.22186,0.033177,0.26154,1.4478,-0.2631
-1.1441,0.22162,0.033641,0.26191,1.4478,-0.26361
-1.1429,0.22138,0.034108,0.26229,1.4477,-0.26411
-1.1416,0.22114,0.034571,0.26266,1.4477,-0.26461
-1.1404,0.2209,0.035033,0.26303,1.4477,-0.26512
-1.1392,0.22067,0.035496,0.2634,1.4476,-0.26563
-1.138,0.22043,0.035956,0.26377,1.4476,-0.26614
-1.1367,0.2202,0.036416,0.26414,1.4476,-0.26664
-1.1355,0.21996,0.036876,0.26451,1.4476,-0.26715
-1.1343,0.21972,0.037336,0.26488,1.4476,-0.26766
-1.133,0.21949,0.037794,0.26524,1.4475,-0.26817
-1.1318,0.21925,0.038254,0.26561,1.4475,-0.26866
-1.1306,0.21901,0.038712,0.26597,1.4475,-0.26917
-1.1293,0.21877,0.03917,0.26634,1.4475,-0.26967
-1.1281,0.21853,0.039629,0.2667,1.4474,-0.27016
-1.1269,0.21828,0.040086,0.26706,1.4474,-0.27066
-1.1256,0.21804,0.040545,0.26742,1.4473,-0.27115
-1.1244,0.21779,0.041005,0.26778,1.4473,-0.27164
-1.1232,0.21755,0.041464,0.26814,1.4472,-0.27213
-1.1219,0.2173,0.041923,0.2685,1.4472,-0.2726
-1.1207,0.21705,0.04238,0.26885,1.4471,-0.27307
-1.1194,0.21681,0.042836,0.26921,1.4471,-0.27354
-1.1182,0.21656,0.043296,0.26956,1.447,-0.27401
-1.117,0.21631,0.043756,0.26991,1.447,-0.27448
-1.1157,0.21607,0.044213,0.27026,1.4469,-0.27496
-1.1145,0.21583,0.04467,0.2706,1.4468,-0.27543
-1.1133,0.21559,0.045126,0.27095,1.4468,-0.27591
-1.112,0.21535,0.045583,0.27129,1.4467,-0.2764
-1.1108,0.21511,0.046039,0.27164,1.4467,-0.27689
-1.1095,0.21488,0.046493,0.27198,1.4466,-0.27738
-1.1083,0.21464,0.046945,0.27232,1.4465,-0.27787
-1.107,0.2144,0.047397,0.27266,1.4465,-0.27836
-1.1058,0.21417,0.047852,0.27301,1.4464,-0.27885
-1.1045,0.21394,0.048307,0.27336,1.4464,-0.27935
-1.1033,0.21371,0.04876,0.27371,1.4463,-0.27984
-1.1021,0.21347,0.049217,0.27406,1.4463,-0.28034
-1.1008,0.21324,0.049669,0.27441,1.4462,-0.28083
-1.0996,0.21301,0.050119,0.27474,1.4462,-0.28131
-1.0983,0.21278,0.050568,0.27508,1.4461,-0.2818
-1.0971,0.21255,0.051016,0.27541,1.4461,-0.28228
-1.0958,0.21232,0.051459,0.27573,1.446,-0.28277
-1.0946,0.2121,0.051902,0.27605,1.446,-0.28325
-1.0933,0.21187,0.05234,0.27637,1.4459,-0.28372
-1.0921,0.21165,0.052773,0.27667,1.4459,-0.28418
-1.0908,0.21142,0.053207,0.27697,1.4458,-0.28465
-1.0896,0.2112,0.053643,0.27727,1.4458,-0.28512
-1.0883,0.21098,0.054076,0.27757,1.4457,-0.28559
-1.0871,0.21076,0.054505,0.27787,1.4457,-0.28606
-1.0858,0.21054,0.054932,0.27817,1.4457,-0.28653
-1.0846,0.21032,0.055362,0.27847,1.4457,-0.28699
-1.0833,0.21009,0.055796,0.27877,1.4456,-0.28744
-1.0821,0.20987,0.056229,0.27907,1.4456,-0.28788
-1.0808,0.20964,0.05666,0.27937,1.4456,-0.28833
-1.0796,0.20942,0.05709,0.27967,1.4455,-0.28879
-1.0783,0.20919,0.057518,0.27997,1.4455,-0.28923
-1.077,0.20897,0.057942,0.28027,1.4455,-0.28967
-1.0758,0.20874,0.058365,0.28057,1.4454,-0.29011
-1.0745,0.20852,0.058787,0.28087,1.4454,-0.29057
-1.0733,0.20829,0.059209,0.28117,1.4453,-0.29103
-1.072,0.20807,0.059632,0.28147,1.4452,-0.2915
-1.0708,0.20784,0.060054,0.28177,1.4452,-0.29196
-1.0695,0.20761,0.060476,0.28207,1.4451,-0.29243
-1.0682,0.20738,0.060897,0.28237,1.445,-0.2929
-1.067,0.20715,0.06132,0.28267,1.445,-0.29337
-1.0657,0.20693,0.061744,0.28297,1.4449,-0.29384
-1.0645,0.2067,0.062167,0.28326,1.4448,-0.2943
-1.0632,0.20648,0.062589,0.28356,1.4448,-0.29477
-1.0619,0.20625,0.063016,0.28386,1.4447,-0.29524
-1.0607,0.20602,0.063442,0.28416,1.4446,-0.2957
-1.0594,0.2058,0.063873,0.28445,1.4445,-0.29617
-1.0581,0.20558,0.0643,0.28475,1.4444,-0.29664
-1.0569,0.20536,0.064725,0.28504,1.4443,-0.29711
-1.0556,0.20514,0.065151,0.28534,1.4442,-0.29758
-1.0543,0.20492,0.065572,0.28564,1.4441,-0.29804
-1.053,0.2047,0.065992,0.28593,1.444,-0.2985
-1.0518,0.20448,0.066411,0.28623,1.4439,-0.29896
-1.0505,0.20426,0.066829,0.28652,1.4438,-0.29942
-1.0492,0.20405,0.067245,0.28682,1.4437,-0.29988
-1.048,0.20383,0.067662,0.28711,1.4436,-0.30034
-1.0467,0.20361,0.068074,0.2874,1.4435,-0.3008
-1.0454,0.2034,0.068486,0.28769,1.4434,-0.30124
-1.0441,0.20319,0.068894,0.28798,1.4433,-0.30169
-1.0428,0.20297,0.069302,0.28826,1.4432,-0.30214
-1.0416,0.20276,0.069707,0.28853,1.4431,-0.30259
-1.0403,0.20255,0.070113,0.2888,1.4429,-0.30303
-1.039,0.20233,0.070523,0.28907,1.4428,-0.30346
-1.0377,0.20212,0.070931,0.28933,1.4427,-0.3039
-1.0364,0.2019,0.071339,0.28959,1.4426,-0.30433
-1.0352,0.20169,0.071744,0.28984,1.4425,-0.30475
-1.0339,0.20147,0.072152,0.2901,1.4424,-0.30516
-1.0326,0.20126,0.07256,0.29034,1.4422,-0.30557
-1.0313,0.20105,0.072966,0.29058,1.4421,-0.30598
-1.03,0.20084,0.073374,0.29083,1.442,-0.30638
-1.0287,0.20062,0.07378,0.29108,1.4419,-0.30679
-1.0274,0.20041,0.074185,0.29132,1.4417,-0.3072
-1.0261,0.2002,0.074588,0.29157,1.4416,-0.3076
-1.0249,0.19999,0.074987,0.29182,1.4414,-0.30801
-1.0236,0.19978,0.075383,0.29207,1.4413,-0.30841
-1.0223,0.19957,0.075777,0.29231,1.4412,-0.3088
-1.021,0.19936,0.076172,0.29256,1.441,-0.3092
-1.0197,0.19914,0.076565,0.2928,1.4409,-0.30959
-1.0184,0.19894,0.076957,0.29303,1.4408,-0.30998
-1.0171,0.19872,0.077348,0.29326,1.4406,-0.31038
-1.0158,0.1985,0.077737,0.29349,1.4405,-0.31078
-1.0145,0.19829,0.078124,0.29372,1.4403,-0.31117
-1.0132,0.19807,0.078509,0.29395,1.4402,-0.31157
-1.0119,0.19786,0.078895,0.29418,1.44,-0.31196
-1.0106,0.19764,0.079281,0.29441,1.4398,-0.31234
-1.0093,0.19742,0.079668,0.29464,1.4397,-0.31272
-1.008,0.1972,0.080056,0.29487,1.4395,-0.3131
-1.0067,0.19697,0.08045,0.2951,1.4392,-0.31347
-1.0054,0.19675,0.08084,0.29531,1.439,-0.31386
-1.0041,0.19652,0.081232,0.29552,1.4388,-0.31425
-1.0028,0.1963,0.081621,0.29574,1.4386,-0.31465
-1.0015,0.19608,0.082008,0.29595,1.4384,-0.31505
-1.0002,0.19586,0.082393,0.29616,1.4382,-0.31545
-0.99894,0.19565,0.082776,0.29638,1.438,-0.31584
-0.99763,0.19543,0.083155,0.29659,1.4378,-0.31624
-0.99633,0.19522,0.083531,0.29681,1.4376,-0.31662
-0.99503,0.19501,0.083903,0.29703,1.4374,-0.31701
-0.99372,0.1948,0.084273,0.29724,1.4373,-0.3174
-0.99242,0.19459,0.084639,0.29746,1.4371,-0.31778
-0.99111,0.19439,0.084999,0.29768,1.4369,-0.31815
-0.9898,0.19419,0.085354,0.29789,1.4367,-0.31851
-0.98849,0.19399,0.085709,0.29811,1.4365,-0.31886
-0.98718,0.19379,0.086064,0.29833,1.4363,-0.31922
-0.98587,0.19359,0.086419,0.29854,1.4361,-0.31956
-0.98456,0.1934,0.086773,0.29877,1.4359,-0.3199
-0.98324,0.19321,0.087125,0.29899,1.4358,-0.32024
-0.98193,0.19302,0.087475,0.29921,1.4356,-0.32058
-0.98061,0.19284,0.087824,0.29943,1.4354,-0.32092
-0.97929,0.19265,0.088171,0.29966,1.4352,-0.32127
-0.97797,0.19246,0.088519,0.29988,1.435,-0.32161
-0.97664,0.19228,0.088864,0.3001,1.4348,-0.32195
-0.97532,0.19209,0.089209,0.30033,1.4346,-0.32228
-0.97399,0.19191,0.089555,0.30055,1.4344,-0.32261
-0.97266,0.19172,0.089903,0.30077,1.4342,-0.32295
-0.97133,0.19153,0.090252,0.30099,1.434,-0.32328
-0.96999,0.19134,0.090602,0.30121,1.4338,-0.32361
-0.96866,0.19114,0.090952,0.30142,1.4335,-0.32393
-0.96732,0.19095,0.0913,0.30164,1.4333,-0.32426
-0.96598,0.19076,0.091643,0.30186,1.4331,-0.32458
-0.96464,0.19058,0.091983,0.30207,1.4329,-0.32491
-0.9633,0.1904,0.092314,0.30229,1.4326,-0.32522
-0.96196,0.19022,0.092644,0.30251,1.4324,-0.32553
-0.96061,0.19005,0.09297,0.30272,1.4322,-0.32583
-0.95927,0.18988,0.093298,0.30294,1.432,-0.32614
-0.95792,0.1897,0.093625,0.30316,1.4318,-0.32645
-0.95657,0.18952,0.093954,0.30337,1.4315,-0.32676
-0.95521,0.18935,0.094284,0.30359,1.4313,-0.32707
-0.95386,0.18917,0.094608,0.3038,1.431,-0.32738
-0.9525,0.189,0.094929,0.30402,1.4308,-0.32767
-0.95114,0.18883,0.095246,0.30423,1.4306,-0.32795
-0.94978,0.18866,0.095564,0.30445,1.4303,-0.32823
-0.94842,0.18849,0.09588,0.30468,1.4301,-0.32852
-0.94706,0.18832,0.096198,0.30491,1.4299,-0.32879
-0.94569,0.18816,0.096512,0.30512,1.4296,-0.32907
-0.94432,0.188,0.096821,0.30533,1.4294,-0.32934
-0.94295,0.18784,0.097127,0.30555,1.4291,-0.32961
-0.94158,0.18768,0.097428,0.30576,1.4289,-0.32987
-0.9402,0.18752,0.097727,0.30597,1.4287,-0.33013
-0.93882,0.18736,0.098029,0.30619,1.4284,-0.33039
-0.93744,0.1872,0.098329,0.3064,1.4282,-0.33065
-0.93605,0.18704,0.098628,0.30661,1.4279,-0.33091
-0.93467,0.18687,0.098925,0.30681,1.4277,-0.33116
-0.93328,0.18671,0.099219,0.30702,1.4274,-0.33142
-0.93189,0.18656,0.099511,0.30722,1.4272,-0.33169
-0.9305,0.1864,0.0998,0.30743,1.4269,-0.33194
-0.9291,0.18624,0.10009,0.30764,1.4267,-0.33219
-0.9277,0.18608,0.10038,0.30784,1.4264,-0.33244
-0.9263,0.18593,0.10066,0.30805,1.4262,-0.33269
-0.92489,0.18579,0.10093,0.30825,1.4259,-0.33293
-0.92348,0.18565,0.1012,0.30846,1.4257,-0.33316
-0.92207,0.18551,0.10147,0.30867,1.4254,-0.33337
-0.92065,0.18538,0.10174,0.30888,1.4252,-0.33359
-0.91923,0.18525,0.10201,0.30909,1.4249,-0.33379
-0.9178,0.18512,0.10227,0.3093,1.4247,-0.334
-0.91638,0.18499,0.10253,0.30952,1.4244,-0.3342
-0.91494,0.18486,0.10278,0.30973,1.4242,-0.3344
-0.91351,0.18473,0.10303,0.30994,1.4239,-0.33459
-0.91207,0.18461,0.10328,0.31016,1.4236,-0.33478
-0.91063,0.18449,0.10352,0.31037,1.4234,-0.33498
-0.9092,0.18437,0.10376,0.31058,1.4231,-0.33517
-0.90776,0.18425,0.104,0.3108,1.4228,-0.33536
-0.90632,0.18415,0.10422,0.31101,1.4226,-0.33554
-0.90488,0.18404,0.10444,0.31122,1.4223,-0.33572
-0.90344,0.18394,0.10465,0.31143,1.4221,-0.3359
-0.90199,0.18384,0.10486,0.31164,1.4219,-0.33608
-0.90054,0.18375,0.10507,0.31186,1.4216,-0.33625
-0.89908,0.18365,0.10527,0.31207,1.4214,-0.33642
-0.89763,0.18356,0.10547,0.31228,1.4211,-0.33657
-0.89617,0.18348,0.10566,0.3125,1.4209,-0.33674
-0.8947,0.18339,0.10585,0.31271,1.4206,-0.3369
-0.89323,0.18331,0.10603,0.31292,1.4203,-0.33706
-0.89177,0.18324,0.10621,0.31313,1.4201,-0.33723
-0.8903,0.18317,0.10639,0.31333,1.4198,-0.33739
-0.88884,0.18309,0.10656,0.31354,1.4196,-0.33754
-0.88738,0.18302,0.10673,0.31374,1.4193,-0.3377
-0.88591,0.18295,0.10689,0.31394,1.419,-0.33785
-0.88445,0.18289,0.10704,0.31414,1.4187,-0.33801
-0.88299,0.18283,0.1072,0.31434,1.4185,-0.33817
-0.88153,0.18277,0.10735,0.31454,1.4182,-0.33831
-0.88006,0.18271,0.1075,0.31474,1.4179,-0.33846
-0.87859,0.18266,0.10764,0.31494,1.4176,-0.3386
-0.87711,0.1826,0.10779,0.31514,1.4173,-0.33873
-0.87564,0.18255,0.10793,0.31534,1.417,-0.33885
-0.87416,0.18249,0.10806,0.31553,1.4167,-0.33898
-0.87268,0.18244,0.1082,0.31573,1.4164,-0.3391
-0.8712,0.1824,0.10833,0.31592,1.4161,-0.33921
-0.86972,0.18235,0.10846,0.31612,1.4158,-0.33932
-0.86823,0.18231,0.10858,0.31631,1.4154,-0.33942
-0.86675,0.18227,0.1087,0.31651,1.4151,-0.33952
-0.86526,0.18223,0.10883,0.3167,1.4148,-0.33962
-0.86378,0.18219,0.10894,0.31689,1.4145,-0.33971
-0.86229,0.18216,0.10906,0.31708,1.4142,-0.3398
-0.8608,0.18214,0.10917,0.31726,1.4138,-0.33987
-0.8593,0.18211,0.10929,0.31743,1.4135,-0.33995
-0.8578,0.18208,0.1094,0.3176,1.4132,-0.34002
-0.8563,0.18206,0.10951,0.31778,1.4129,-0.3401
-0.8548,0.18204,0.10961,0.31795,1.4126,-0.34019
-0.8533,0.18202,0.10972,0.31812,1.4123,-0.34027
-0.8518,0.18201,0.10982,0.31828,1.412,-0.34035
-0.85029,0.18199,0.10991,0.31846,1.4117,-0.34044
-0.84878,0.18198,0.11001,0.31863,1.4113,-0.3405
-0.84727,0.18196,0.11011,0.31879,1.411,-0.34056
-0.84576,0.18195,0.1102,0.31896,1.4107,-0.34063
-0.84424,0.18193,0.1103,0.31912,1.4104,-0.34068
-0.84273,0.18191,0.11039,0.31928,1.41,-0.34073
-0.84121,0.1819,0.11047,0.31945,1.4097,-0.34077
-0.8397,0.18188,0.11056,0.31961,1.4094,-0.3408
-0.83818,0.18187,0.11064,0.31978,1.409,-0.34084
-0.83665,0.18186,0.11072,0.31994,1.4087,-0.34087
-0.83513,0.18185,0.11079,0.3201,1.4084,-0.3409
-0.8336,0.18184,0.11087,0.32026,1.408,-0.34092
-0.83207,0.18184,0.11093,0.32042,1.4076,-0.34093
-0.83054,0.18184,0.111,0.32057,1.4073,-0.34093
-0.829,0.18184,0.11107,0.32073,1.4069,-0.34094
-0.82746,0.18184,0.11113,0.32089,1.4066,-0.34094
-0.82592,0.18185,0.1112,0.32105,1.4062,-0.34094
-0.82438,0.18185,0.11126,0.32121,1.4058,-0.34095
-0.82283,0.18185,0.11132,0.32138,1.4054,-0.34095
-0.82129,0.18186,0.11138,0.32156,1.4051,-0.34094
-0.81974,0.18187,0.11144,0.32173,1.4047,-0.34095
-0.8182,0.18188,0.1115,0.32192,1.4043,-0.34096
-0.81664,0.1819,0.11156,0.3221,1.4039,-0.34096
-0.81509,0.18191,0.11162,0.32228,1.4035,-0.34096
-0.81354,0.18194,0.11167,0.32246,1.4031,-0.34095
-0.81199,0.18196,0.11173,0.32262,1.4027,-0.34094
-0.81043,0.18198,0.11179,0.32278,1.4023,-0.34092
-0.80887,0.18201,0.11184,0.32294,1.4019,-0.34091
-0.80731,0.18203,0.11188,0.3231,1.4015,-0.34088
-0.80575,0.18206,0.11193,0.32326,1.4011,-0.34086
-0.80419,0.18209,0.11197,0.32341,1.4008,-0.34083
-0.80262,0.18212,0.11201,0.32357,1.4004,-0.34078
-0.80106,0.18215,0.11205,0.32372,1.4,-0.34075
-0.79949,0.18219,0.11209,0.32386,1.3996,-0.34071
-0.79792,0.18223,0.11212,0.32401,1.3992,-0.34067
-0.79635,0.18227,0.11215,0.32416,1.3988,-0.34061
-0.79479,0.18232,0.11217,0.3243,1.3984,-0.34055
-0.79322,0.18236,0.11219,0.32444,1.398,-0.34048
-0.79164,0.18242,0.11221,0.32458,1.3976,-0.34041
-0.79007,0.18247,0.11222,0.32472,1.3973,-0.34033
-0.7885,0.18253,0.11223,0.32485,1.3969,-0.34025
-0.78693,0.18259,0.11223,0.32498,1.3965,-0.34017
-0.78536,0.18265,0.11223,0.32511,1.3961,-0.34008
-0.7838,0.18271,0.11222,0.32523,1.3958,-0.34001
-0.78223,0.18278,0.11221,0.32534,1.3954,-0.33993
-0.78067,0.18285,0.1122,0.32545,1.395,-0.33984
-0.7791,0.18292,0.11218,0.32556,1.3947,-0.33975
-0.77754,0.183,0.11216,0.32567,1.3943,-0.33965
-0.77597,0.18308,0.11214,0.32578,1.394,-0.33954
-0.7744,0.18316,0.11212,0.32589,1.3936,-0.33943
-0.77283,0.18324,0.1121,0.32599,1.3933,-0.33931
-0.77125,0.18333,0.11207,0.32609,1.3929,-0.33919
-0.76968,0.18341,0.11205,0.3262,1.3926,-0.33907
-0.76811,0.1835,0.11202,0.32629,1.3922,-0.33894
-0.76653,0.1836,0.11199,0.32639,1.3919,-0.3388
-0.76496,0.18369,0.11195,0.32649,1.3915,-0.33867
-0.76339,0.18379,0.11192,0.32658,1.3911,-0.33853
-0.76182,0.18389,0.11188,0.32667,1.3908,-0.33838
-0.76025,0.18399,0.11184,0.32677,1.3904,-0.33824
-0.75868,0.18409,0.1118,0.32686,1.39,-0.3381
-0.75712,0.1842,0.11176,0.32697,1.3896,-0.33796
-0.75555,0.18431,0.11172,0.32707,1.3892,-0.3378
-0.75399,0.18442,0.11167,0.32718,1.3888,-0.33765
-0.75242,0.18454,0.11161,0.32728,1.3885,-0.3375
-0.75086,0.18466,0.11155,0.3274,1.3881,-0.33734
-0.7493,0.18479,0.11149,0.32751,1.3877,-0.33718
-0.74774,0.18491,0.11143,0.32762,1.3873,-0.33703
-0.74617,0.18504,0.11136,0.32772,1.3869,-0.33687
-0.74461,0.18517,0.11128,0.32782,1.3865,-0.33671
-0.74304,0.1853,0.11121,0.32793,1.3861,-0.33654
-0.74147,0.18544,0.11113,0.32803,1.3857,-0.33638
-0.73991,0.18557,0.11105,0.32813,1.3854,-0.33621
-0.73835,0.18571,0.11097,0.32823,1.385,-0.33604
-0.73678,0.18585,0.11088,0.32832,1.3846,-0.33588
-0.73522,0.18599,0.1108,0.32842,1.3842,-0.3357
-0.73365,0.18613,0.11072,0.32851,1.3839,-0.33553
-0.73208,0.18627,0.11064,0.3286,1.3835,-0.33536
-0.73052,0.18642,0.11055,0.32869,1.3831,-0.33519
-0.72895,0.18656,0.11046,0.32878,1.3827,-0.33501
-0.72738,0.18671,0.11037,0.32888,1.3824,-0.33482
-0.72582,0.18687,0.11028,0.32898,1.382,-0.33463
-0.72425,0.18703,0.11018,0.32908,1.3816,-0.33443
-0.72268,0.18719,0.11009,0.32917,1.3812,-0.33424
-0.72111,0.18736,0.10999,0.32926,1.3809,-0.33404
-0.71955,0.18753,0.10989,0.32934,1.3805,-0.33383
-0.71798,0.18771,0.10978,0.32943,1.3802,-0.33363
-0.71641,0.18789,0.10967,0.32951,1.3798,-0.33342
-0.71484,0.18808,0.10955,0.32959,1.3795,-0.3332
-0.71328,0.18827,0.10943,0.32967,1.3792,-0.33299
-0.71171,0.18846,0.10931,0.32976,1.3789,-0.33276
-0.71015,0.18864,0.10919,0.32985,1.3786,-0.33251
-0.70858,0.18883,0.10906,0.32994,1.3782,-0.33226
-0.70701,0.18902,0.10894,0.33003,1.3779,-0.332
-0.70545,0.1892,0.10881,0.33011,1.3775,-0.33175
-0.70388,0.18939,0.10868,0.33019,1.3772,-0.33148
-0.70231,0.18958,0.10855,0.33027,1.3769,-0.33121
-0.70074,0.18977,0.10842,0.33034,1.3765,-0.33094
-0.69918,0.18996,0.10829,0.33042,1.3761,-0.33067
-0.69763,0.19015,0.10816,0.33049,1.3758,-0.3304
-0.69607,0.19035,0.10803,0.33055,1.3754,-0.33013
-0.69452,0.19054,0.1079,0.33062,1.3751,-0.32986
-0.69296,0.19072,0.10777,0.33068,1.3747,-0.3296
-0.69141,0.19091,0.10764,0.33074,1.3743,-0.32933
-0.68986,0.19111,0.1075,0.3308,1.3739,-0.32905
-0.68831,0.1913,0.10736,0.33086,1.3736,-0.32877
-0.68676,0.1915,0.10722,0.33091,1.3732,-0.32848
-0.68521,0.19169,0.10708,0.33096,1.3728,-0.32819
-0.68365,0.19188,0.10693,0.331,1.3724,-0.3279
-0.68211,0.19208,0.10679,0.33104,1.372,-0.3276
-0.68056,0.19227,0.10665,0.33108,1.3716,-0.32729
-0.67901,0.19247,0.10651,0.33112,1.3712,-0.32697
-0.67746,0.19267,0.10637,0.33115,1.3708,-0.32665
-0.67592,0.19287,0.10622,0.33118,1.3704,-0.32633
-0.67437,0.19307,0.10607,0.3312,1.37,-0.32599
-0.67283,0.19328,0.10592,0.33123,1.3696,-0.32565
-0.67129,0.19348,0.10577,0.33125,1.3691,-0.32531
-0.66975,0.1937,0.10561,0.33127,1.3687,-0.32497
-0.66822,0.19392,0.10545,0.33129,1.3683,-0.32462
-0.66668,0.19414,0.10529,0.33131,1.3679,-0.32427
-0.66515,0.19437,0.10513,0.33132,1.3675,-0.32391
-0.66362,0.19459,0.10497,0.33132,1.367,-0.32356
-0.6621,0.1948,0.10482,0.33132,1.3666,-0.32321
-0.66058,0.19502,0.10466,0.33132,1.3662,-0.32287
-0.65906,0.19524,0.1045,0.33131,1.3657,-0.32252
-0.65754,0.19546,0.10435,0.3313,1.3653,-0.32215
-0.65602,0.19569,0.10418,0.33129,1.3649,-0.32179
-0.65451,0.19591,0.10402,0.33127,1.3645,-0.32142
-0.65299,0.19614,0.10386,0.33125,1.364,-0.32105
-0.65148,0.19636,0.1037,0.33122,1.3636,-0.32068
-0.64997,0.19658,0.10354,0.33118,1.3632,-0.32031
-0.64846,0.19681,0.10338,0.33115,1.3627,-0.31993
-0.64695,0.19703,0.10323,0.33111,1.3623,-0.31957
-0.64545,0.19725,0.10307,0.33106,1.3618,-0.3192
-0.64394,0.19747,0.10292,0.33101,1.3614,-0.31882
-0.64244,0.19768,0.10277,0.33096,1.3609,-0.31844
-0.64094,0.1979,0.10263,0.33092,1.3604,-0.31806
-0.63945,0.19811,0.10249,0.33087,1.36,-0.31768
-0.63796,0.19832,0.10235,0.33081,1.3595,-0.3173
-0.63647,0.19853,0.10222,0.33075,1.359,-0.31692
-0.63498,0.19874,0.10208,0.33068,1.3585,-0.31654
-0.6335,0.19895,0.10195,0.33062,1.358,-0.31615
-0.63202,0.19916,0.10182,0.33056,1.3575,-0.31576
-0.63055,0.19937,0.10169,0.33049,1.357,-0.31537
-0.62908,0.19958,0.10156,0.33041,1.3565,-0.31497
-0.62761,0.19979,0.10144,0.33033,1.356,-0.31457
-0.62615,0.19999,0.10132,0.33025,1.3555,-0.31417
-0.62469,0.2002,0.10119,0.33016,1.355,-0.31377
-0.62324,0.2004,0.10107,0.33007,1.3545,-0.31337
-0.62179,0.2006,0.10095,0.32997,1.354,-0.31297
-0.62035,0.2008,0.10083,0.32986,1.3535,-0.31257
-0.61892,0.20099,0.10072,0.32975,1.353,-0.31217
-0.61749,0.20118,0.10061,0.32964,1.3525,-0.31179
-0.61606,0.20137,0.1005,0.32952,1.3519,-0.3114
-0.61465,0.20156,0.10039,0.3294,1.3514,-0.31101
-0.61323,0.20174,0.10028,0.32927,1.3509,-0.31061
-0.61182,0.20193,0.10017,0.32914,1.3504,-0.31021
-0.61042,0.20212,0.10007,0.329,1.3498,-0.30981
-0.60902,0.2023,0.099962,0.32886,1.3493,-0.30941
-0.60763,0.20249,0.099861,0.32871,1.3488,-0.30902
-0.60623,0.20267,0.099757,0.32856,1.3483,-0.30861
-0.60484,0.20285,0.099656,0.3284,1.3478,-0.30821
-0.60345,0.20302,0.09956,0.32824,1.3472,-0.30781
-0.60207,0.20319,0.099469,0.32808,1.3467,-0.3074
-0.60069,0.20336,0.09938,0.32791,1.3462,-0.30699
-0.59932,0.20353,0.099293,0.32774,1.3456,-0.30658
-0.59796,0.20369,0.099207,0.32756,1.3451,-0.30617
-0.59659,0.20386,0.099123,0.32738,1.3446,-0.30576
-0.59524,0.20402,0.09904,0.32719,1.3441,-0.30535
-0.59389,0.20418,0.098956,0.327,1.3436,-0.30495
-0.59254,0.20434,0.098876,0.32681,1.343,-0.30453
-0.5912,0.2045,0.098798,0.32662,1.3425,-0.30411
-0.58987,0.20465,0.098724,0.32644,1.342,-0.30369
-0.58853,0.2048,0.09865,0.32625,1.3415,-0.30326
-0.5872,0.20495,0.09858,0.32605,1.341,-0.30284
-0.58587,0.2051,0.098514,0.32586,1.3404,-0.30241
-0.58454,0.20524,0.098447,0.32566,1.3399,-0.30198
-0.58321,0.20538,0.098384,0.32546,1.3394,-0.30155
-0.58188,0.20552,0.098325,0.32526,1.3389,-0.3011
-0.58056,0.20565,0.098266,0.32505,1.3384,-0.30066
-0.57924,0.20579,0.098208,0.32484,1.3379,-0.30022
-0.57793,0.20592,0.098153,0.32462,1.3374,-0.29978
-0.57662,0.20605,0.098097,0.32441,1.3368,-0.29935
-0.57532,0.20618,0.098044,0.32418,1.3363,-0.29891
-0.57402,0.2063,0.097994,0.32396,1.3358,-0.29847
-0.57272,0.20642,0.097945,0.32373,1.3353,-0.29803
-0.57143,0.20654,0.097899,0.3235,1.3348,-0.29759
-0.57015,0.20666,0.097853,0.32326,1.3343,-0.29714
-0.56887,0.20678,0.097809,0.32303,1.3337,-0.2967
-0.56759,0.20689,0.097767,0.32278,1.3332,-0.29627
-0.56632,0.207,0.097726,0.32254,1.3327,-0.29582
-0.56504,0.20711,0.097684,0.32229,1.3322,-0.29538
-0.56378,0.20722,0.097645,0.32204,1.3316,-0.29493
-0.56251,0.20732,0.097608,0.32179,1.3311,-0.29449
-0.56125,0.20742,0.097569,0.32155,1.3306,-0.29406
-0.56,0.20752,0.097531,0.32131,1.3301,-0.29362
-0.55875,0.20762,0.097492,0.32106,1.3295,-0.29317
-0.55751,0.20772,0.097453,0.32081,1.329,-0.29273
-0.55627,0.20781,0.097418,0.32056,1.3285,-0.29227
-0.55504,0.20791,0.097383,0.32031,1.3279,-0.29181
-0.55381,0.208,0.097349,0.32005,1.3274,-0.29135
-0.55258,0.20809,0.09732,0.31979,1.3268,-0.29089
-0.55136,0.20818,0.097284,0.31953,1.3263,-0.29044
-0.55015,0.20827,0.097245,0.31927,1.3258,-0.28998
-0.54893,0.20836,0.097207,0.31901,1.3252,-0.28951
-0.54773,0.20844,0.097172,0.31874,1.3247,-0.28905
-0.54652,0.20853,0.097137,0.31848,1.3241,-0.28859
-0.54532,0.20862,0.097105,0.3182,1.3236,-0.28813
-0.54412,0.2087,0.097074,0.31793,1.323,-0.28766
-0.54293,0.20878,0.097044,0.31765,1.3225,-0.28721
-0.54175,0.20886,0.097016,0.31737,1.322,-0.28674
-0.54057,0.20894,0.09699,0.31709,1.3214,-0.28627
-0.53939,0.20902,0.096967,0.31681,1.3209,-0.28582
-0.53822,0.20909,0.096946,0.31652,1.3204,-0.28536
-0.53705,0.20916,0.096926,0.31623,1.3198,-0.28491
-0.53589,0.20923,0.096908,0.31594,1.3193,-0.28447
-0.53474,0.20929,0.09689,0.31565,1.3188,-0.28402
-0.53359,0.20936,0.096873,0.31536,1.3182,-0.28357
-0.53244,0.20943,0.096856,0.31506,1.3177,-0.28311
-0.5313,0.20949,0.096842,0.31476,1.3172,-0.28266
-0.53016,0.20955,0.09683,0.31447,1.3166,-0.28221
-0.52902,0.2096,0.09682,0.31416,1.3161,-0.28176
-0.52789,0.20966,0.096812,0.31386,1.3156,-0.28131
-0.52676,0.20971,0.096805,0.31356,1.315,-0.28085
-0.52564,0.20976,0.096799,0.31325,1.3145,-0.2804
-0.52451,0.2098,0.096795,0.31295,1.314,-0.27994
-0.5234,0.20985,0.096788,0.31266,1.3134,-0.2795
-0.52228,0.2099,0.096779,0.31236,1.3129,-0.27905
-0.52117,0.20994,0.096773,0.31207,1.3124,-0.2786
-0.52007,0.20998,0.096769,0.31177,1.3118,-0.27816
-0.51896,0.21002,0.096769,0.31147,1.3113,-0.27771
-0.51786,0.21006,0.096771,0.31117,1.3107,-0.27727
-0.51677,0.2101,0.096773,0.31087,1.3102,-0.27683
-0.51568,0.21014,0.096776,0.31057,1.3096,-0.27639
-0.51459,0.21017,0.096781,0.31027,1.3091,-0.27596
-0.51351,0.21021,0.09679,0.30997,1.3086,-0.27552
-0.51243,0.21024,0.096802,0.30967,1.308,-0.27509
-0.51135,0.21026,0.096815,0.30936,1.3075,-0.27466
-0.51027,0.21029,0.09683,0.30906,1.3069,-0.27424
-0.5092,0.21031,0.096845,0.30875,1.3064,-0.27382
-0.50814,0.21034,0.096863,0.30845,1.3058,-0.2734
-0.50707,0.21036,0.096883,0.30814,1.3053,-0.27298
-0.506,0.21037,0.096905,0.30784,1.3047,-0.27257
-0.50494,0.21039,0.096929,0.30753,1.3042,-0.27215
-0.50388,0.2104,0.096956,0.30724,1.3036,-0.27172
-0.50282,0.21041,0.096985,0.30694,1.3031,-0.2713
-0.50175,0.21042,0.097014,0.30665,1.3025,-0.27087
-0.5007,0.21043,0.097047,0.30635,1.302,-0.27045
-0.49964,0.21043,0.097081,0.30605,1.3014,-0.27003
-0.49859,0.21043,0.097115,0.30575,1.3009,-0.26961
-0.49755,0.21043,0.097149,0.30545,1.3003,-0.2692
-0.49651,0.21043,0.097184,0.30515,1.2998,-0.26879
-0.49547,0.21043,0.09722,0.30485,1.2992,-0.26838
-0.49444,0.21042,0.097258,0.30454,1.2987,-0.26797
-0.49341,0.21041,0.097298,0.30424,1.2981,-0.26757
-0.49238,0.2104,0.097338,0.30393,1.2976,-0.26717
-0.49136,0.21038,0.097379,0.30363,1.297,-0.26677
-0.49033,0.21037,0.097421,0.30332,1.2965,-0.26637
-0.48931,0.21035,0.097463,0.30302,1.2959,-0.26598
-0.48828,0.21033,0.097505,0.30271,1.2954,-0.26558
-0.48726,0.21031,0.097548,0.3024,1.2948,-0.26518
-0.48624,0.21028,0.097592,0.30209,1.2943,-0.26479
-0.48522,0.21026,0.097636,0.30178,1.2938,-0.2644
-0.48421,0.21023,0.097684,0.30147,1.2932,-0.264
-0.48319,0.2102,0.097732,0.30116,1.2927,-0.26361
-0.48218,0.21016,0.097782,0.30085,1.2922,-0.26322
-0.48117,0.21013,0.097836,0.30054,1.2916,-0.26283
-0.48017,0.21009,0.09789,0.30023,1.2911,-0.26244
-0.47917,0.21005,0.097946,0.29993,1.2906,-0.26205
-0.47817,0.21001,0.098004,0.29963,1.29,-0.26166
-0.47717,0.20997,0.098063,0.29934,1.2895,-0.26127
-0.47618,0.20992,0.098124,0.29904,1.289,-0.26087
-0.47519,0.20988,0.098185,0.29874,1.2884,-0.26048
-0.4742,0.20983,0.098245,0.29844,1.2879,-0.26007
-0.47321,0.20978,0.098304,0.29814,1.2874,-0.25967
-0.47222,0.20974,0.098364,0.29784,1.2868,-0.25927
-0.47124,0.20969,0.098426,0.29753,1.2863,-0.25888
-0.47027,0.20964,0.098487,0.29723,1.2857,-0.25848
-0.46929,0.20958,0.09855,0.29693,1.2852,-0.25809
-0.46832,0.20953,0.098613,0.29663,1.2847,-0.2577
-0.46735,0.20947,0.098677,0.29633,1.2841,-0.25731
-0.46638,0.20942,0.098744,0.29603,1.2836,-0.25692
-0.46542,0.20935,0.098808,0.29573,1.283,-0.25654
-0.46446,0.20929,0.098875,0.29543,1.2825,-0.25615
-0.4635,0.20922,0.098942,0.29513,1.2819,-0.25577
-0.46254,0.20915,0.099011,0.29483,1.2814,-0.25539
-0.46159,0.20908,0.099082,0.29453,1.2809,-0.25501
-0.46064,0.209,0.099154,0.29423,1.2803,-0.25464
-0.45969,0.20893,0.099228,0.29393,1.2798,-0.25427
-0.45875,0.20885,0.099302,0.29363,1.2792,-0.25389
-0.45781,0.20877,0.099376,0.29334,1.2787,-0.25353
-0.45687,0.20869,0.099451,0.29304,1.2781,-0.25316
-0.45593,0.20861,0.099528,0.29274,1.2776,-0.2528
-0.45499,0.20853,0.099606,0.29244,1.277,-0.25245
-0.45406,0.20845,0.099684,0.29214,1.2765,-0.25209
-0.45313,0.20837,0.099761,0.29184,1.276,-0.25174
-0.45221,0.20829,0.099838,0.29155,1.2755,-0.2514
-0.45129,0.20821,0.099915,0.29125,1.2749,-0.25106
-0.45036,0.20813,0.099993,0.29095,1.2744,-0.25072
-0.44943,0.20805,0.10007,0.29066,1.2739,-0.25038
-0.44851,0.20796,0.10015,0.29037,1.2734,-0.25004
-0.44758,0.20788,0.10022,0.29007,1.2729,-0.2497
-0.44666,0.20779,0.1003,0.28978,1.2724,-0.24937
-0.44573,0.20771,0.10038,0.28949,1.2719,-0.24904
-0.44482,0.20762,0.10046,0.2892,1.2714,-0.24872
-0.4439,0.20753,0.10054,0.28891,1.2709,-0.24839
-0.44298,0.20744,0.10062,0.28862,1.2704,-0.24807
-0.44207,0.20735,0.10069,0.28833,1.2699,-0.24776
-0.44116,0.20727,0.10077,0.28804,1.2695,-0.24745
-0.44026,0.20717,0.10085,0.28776,1.269,-0.24714
-0.43935,0.20708,0.10093,0.28747,1.2685,-0.24683
-0.43846,0.20699,0.101,0.28719,1.268,-0.24653
-0.43756,0.20689,0.10108,0.28691,1.2676,-0.24624
-0.43667,0.2068,0.10116,0.28663,1.2671,-0.24595
-0.43578,0.2067,0.10124,0.28635,1.2667,-0.24566
-0.43488,0.20661,0.10131,0.28608,1.2662,-0.24537
-0.43399,0.20651,0.10139,0.28581,1.2658,-0.24508
-0.43311,0.20641,0.10147,0.28554,1.2653,-0.2448
-0.43222,0.20631,0.10154,0.28527,1.2649,-0.24452
-0.43134,0.2062,0.10162,0.285,1.2645,-0.24424
-0.43046,0.2061,0.1017,0.28473,1.264,-0.24396
-0.42958,0.20599,0.10178,0.28447,1.2636,-0.24368
-0.4287,0.20588,0.10186,0.28421,1.2632,-0.24341
-0.42782,0.20577,0.10194,0.28395,1.2628,-0.24313
-0.42694,0.20566,0.10202,0.2837,1.2623,-0.24286
-0.42607,0.20555,0.1021,0.28344,1.2619,-0.24259
-0.42519,0.20544,0.10217,0.28319,1.2615,-0.24233
-0.42432,0.20533,0.10225,0.28294,1.2611,-0.24207
-0.42346,0.20522,0.10233,0.2827,1.2607,-0.24182
-0.4226,0.20511,0.1024,0.28246,1.2603,-0.24157
-0.42174,0.205,0.10247,0.28222,1.2599,-0.24132
-0.42088,0.20488,0.10255,0.28198,1.2595,-0.24107
-0.42002,0.20477,0.10262,0.28175,1.2592,-0.24083
-0.41917,0.20467,0.10269,0.28152,1.2588,-0.24059
-0.41832,0.20456,0.10275,0.28129,1.2584,-0.24036
-0.41747,0.20445,0.10282,0.28107,1.258,-0.24013
-0.41662,0.20435,0.10288,0.28085,1.2577,-0.2399
-0.41578,0.20424,0.10294,0.28064,1.2573,-0.23968
-0.41493,0.20414,0.10299,0.28042,1.2569,-0.23946
-0.41409,0.20403,0.10305,0.28022,1.2566,-0.23924
-0.41325,0.20393,0.1031,0.28001,1.2562,-0.23902
-0.41241,0.20383,0.10315,0.27981,1.2559,-0.2388
-0.41157,0.20373,0.10319,0.27961,1.2556,-0.23859
-0.41073,0.20363,0.10324,0.27942,1.2552,-0.23838
-0.40989,0.20354,0.10328,0.27923,1.2549,-0.23817
-0.40905,0.20344,0.10332,0.27904,1.2545,-0.23796
-0.40821,0.20334,0.10336,0.27886,1.2542,-0.23776
-0.40737,0.20325,0.1034,0.27868,1.2539,-0.23755
-0.40654,0.20315,0.10343,0.2785,1.2536,-0.23735
-0.4057,0.20306,0.10347,0.27833,1.2532,-0.23715
-0.40486,0.20297,0.1035,0.27816,1.2529,-0.23695
-0.40402,0.20288,0.10353,0.278,1.2526,-0.23676
-0.40319,0.20279,0.10356,0.27783,1.2523,-0.23656
-0.40235,0.2027,0.10359,0.27768,1.252,-0.23637
-0.40151,0.20261,0.10362,0.27752,1.2517,-0.23618
-0.40068,0.20252,0.10365,0.27737,1.2514,-0.236
-0.39984,0.20244,0.10368,0.27722,1.2511,-0.23581
-0.39901,0.20235,0.1037,0.27708,1.2508,-0.23563
-0.39817,0.20227,0.10373,0.27694,1.2505,-0.23544
-0.39733,0.20218,0.10375,0.2768,1.2502,-0.23526
-0.3965,0.2021,0.10378,0.27666,1.2499,-0.23508
-0.39566,0.20202,0.1038,0.27653,1.2496,-0.23491
-0.39483,0.20194,0.10383,0.2764,1.2493,-0.23473
-0.39399,0.20186,0.10385,0.27627,1.249,-0.23456
-0.39316,0.20178,0.10387,0.27615,1.2487,-0.23439
-0.39232,0.2017,0.10389,0.27603,1.2484,-0.23422
-0.39149,0.20162,0.10391,0.27591,1.2482,-0.23405
-0.39065,0.20155,0.10393,0.27579,1.2479,-0.23388
-0.38982,0.20147,0.10395,0.27567,1.2476,-0.23371
-0.38898,0.2014,0.10397,0.27556,1.2473,-0.23355
-0.38815,0.20132,0.10398,0.27545,1.247,-0.23338
-0.38731,0.20125,0.104,0.27534,1.2468,-0.23322
-0.38648,0.20118,0.10401,0.27524,1.2465,-0.23306
-0.38564,0.20111,0.10403,0.27513,1.2462,-0.2329
-0.38481,0.20104,0.10404,0.27503,1.2459,-0.23274
-0.38397,0.20098,0.10405,0.27492,1.2457,-0.23258
-0.38314,0.20091,0.10406,0.27482,1.2454,-0.23242
-0.38231,0.20085,0.10407,0.27472,1.2451,-0.23227
-0.38147,0.20078,0.10408,0.27463,1.2449,-0.23211
-0.38064,0.20072,0.10409,0.27453,1.2446,-0.23195
-0.3798,0.20066,0.1041,0.27443,1.2443,-0.2318
-0.37897,0.2006,0.1041,0.27434,1.2441,-0.23164
-0.37813,0.20054,0.10411,0.27425,1.2438,-0.23149
-0.3773,0.20048,0.10411,0.27415,1.2436,-0.23134
-0.37647,0.20043,0.10411,0.27406,1.2433,-0.23118
-0.37563,0.20037,0.10411,0.27397,1.243,-0.23103
-0.3748,0.20032,0.10411,0.27388,1.2428,-0.23088
-0.37396,0.20027,0.10411,0.27379,1.2425,-0.23073
-0.37313,0.20022,0.1041,0.2737,1.2423,-0.23058
-0.3723,0.20017,0.1041,0.27361,1.242,-0.23042
-0.37146,0.20012,0.10409,0.27352,1.2418,-0.23027
-0.37063,0.20007,0.10409,0.27343,1.2415,-0.23012
-0.3698,0.20003,0.10408,0.27334,1.2413,-0.22997
-0.36896,0.19998,0.10407,0.27325,1.241,-0.22982
-0.36813,0.19994,0.10405,0.27316,1.2408,-0.22967
-0.3673,0.1999,0.10404,0.27307,1.2405,-0.22952
-0.36646,0.19986,0.10403,0.27297,1.2403,-0.22937
-0.36563,0.19982,0.10401,0.27288,1.2401,-0.22922
-0.3648,0.19979,0.10399,0.27279,1.2398,-0.22907
-0.36396,0.19975,0.10397,0.2727,1.2396,-0.22891
-0.36313,0.19972,0.10395,0.27261,1.2393,-0.22876
-0.3623,0.19969,0.10393,0.27251,1.2391,-0.22861
-0.36146,0.19966,0.1039,0.27242,1.2389,-0.22846
-0.36063,0.19963,0.10387,0.27232,1.2386,-0.2283
-0.3598,0.1996,0.10385,0.27223,1.2384,-0.22815
-0.35896,0.19958,0.10382,0.27213,1.2382,-0.22799
-0.35813,0.19955,0.10379,0.27203,1.238,-0.22784
-0.3573,0.19953,0.10375,0.27193,1.2377,-0.22768
-0.35646,0.19951,0.10372,0.27183,1.2375,-0.22753
-0.35563,0.19949,0.10368,0.27172,1.2373,-0.22737
-0.3548,0.19948,0.10364,0.27162,1.237,-0.22721
-0.35397,0.19946,0.1036,0.27151,1.2368,-0.22705
-0.35313,0.19945,0.10356,0.2714,1.2366,-0.22689
-0.3523,0.19944,0.10351,0.27129,1.2364,-0.22673
-0.35147,0.19943,0.10347,0.27118,1.2362,-0.22657
-0.35063,0.19942,0.10342,0.27107,1.2359,-0.22641
-0.3498,0.19941,0.10337,0.27095,1.2357,-0.22624
-0.34897,0.19941,0.10332,0.27083,1.2355,-0.22608
-0.34814,0.1994,0.10326,0.27071,1.2353,-0.22591
-0.3473,0.1994,0.10321,0.27059,1.2351,-0.22575
-0.34647,0.1994,0.10315,0.27047,1.2349,-0.22558
-0.34564,0.19941,0.10309,0.27034,1.2347,-0.22541
-0.3448,0.19941,0.10302,0.27021,1.2344,-0.22523
-0.34397,0.19942,0.10296,0.27007,1.2342,-0.22506
-0.34314,0.19943,0.10289,0.26994,1.234,-0.22489
-0.3423,0.19944,0.10282,0.2698,1.2338,-0.22471
-0.34147,0.19945,0.10275,0.26965,1.2336,-0.22453
-0.34064,0.19947,0.10267,0.26951,1.2334,-0.22435
-0.3398,0.19949,0.10259,0.26936,1.2332,-0.22417
-0.33897,0.19951,0.10252,0.26921,1.233,-0.22399
-0.33813,0.19953,0.10243,0.26905,1.2328,-0.2238
-0.3373,0.19955,0.10235,0.26889,1.2326,-0.22361
-0.33646,0.19958,0.10226,0.26873,1.2324,-0.22342
-0.33563,0.19961,0.10217,0.26856,1.2322,-0.22323
-0.33479,0.19964,0.10208,0.26839,1.232,-0.22304
-0.33396,0.19967,0.10199,0.26822,1.2318,-0.22284
-0.33312,0.1997,0.10189,0.26804,1.2316,-0.22265
-0.33229,0.19974,0.10179,0.26785,1.2314,-0.22245
-0.33145,0.19978,0.10169,0.26767,1.2312,-0.22224
-0.33061,0.19982,0.10159,0.26747,1.231,-0.22204
-0.32978,0.19986,0.10148,0.26728,1.2308,-0.22183
-0.32894,0.19991,0.10137,0.26708,1.2307,-0.22162
-0.3281,0.19995,0.10126,0.26687,1.2305,-0.22141
-0.32726,0.2,0.10115,0.26666,1.2303,-0.22119
-0.32642,0.20005,0.10103,0.26645,1.2301,-0.22098
-0.32559,0.20011,0.10091,0.26623,1.2299,-0.22076
-0.32475,0.20016,0.10079,0.26601,1.2297,-0.22053
-0.32391,0.20022,0.10066,0.26578,1.2295,-0.22031
-0.32307,0.20028,0.10053,0.26555,1.2293,-0.22008
-0.32223,0.20035,0.1004,0.26531,1.2292,-0.21985
-0.3214,0.20041,0.10027,0.26507,1.229,-0.21962
-0.32056,0.20048,0.10014,0.26483,1.2288,-0.21939
-0.31972,0.20055,0.099998,0.26458,1.2286,-0.21915
-0.31888,0.20062,0.099858,0.26433,1.2285,-0.21891
-0.31805,0.20069,0.099714,0.26407,1.2283,-0.21867
-0.31721,0.20077,0.099568,0.26381,1.2281,-0.21843
-0.31637,0.20085,0.099419,0.26354,1.2279,-0.21818
-0.31553,0.20093,0.099268,0.26327,1.2278,-0.21793
-0.31469,0.20102,0.099113,0.26299,1.2276,-0.21768
-0.31386,0.2011,0.098955,0.26271,1.2274,-0.21743
-0.31302,0.20119,0.098794,0.26242,1.2272,-0.21717
-0.31218,0.20128,0.098631,0.26213,1.2271,-0.21691
-0.31134,0.20138,0.098465,0.26184,1.2269,-0.21665
-0.3105,0.20147,0.098295,0.26154,1.2267,-0.21638
-0.30966,0.20157,0.098124,0.26124,1.2266,-0.21611
-0.30883,0.20167,0.097949,0.26093,1.2264,-0.21584
-0.30799,0.20177,0.097771,0.26062,1.2262,-0.21557
-0.30715,0.20188,0.097591,0.2603,1.2261,-0.2153
-0.30631,0.20199,0.097408,0.25998,1.2259,-0.21502
-0.30548,0.2021,0.097221,0.25965,1.2258,-0.21474
-0.30464,0.20221,0.097032,0.25932,1.2256,-0.21446
-0.3038,0.20233,0.09684,0.25899,1.2254,-0.21417
-0.30297,0.20244,0.096645,0.25865,1.2253,-0.21389
-0.30213,0.20256,0.096447,0.25831,1.2251,-0.2136
-0.3013,0.20269,0.096246,0.25796,1.225,-0.2133
-0.30046,0.20281,0.096042,0.25761,1.2248,-0.21301
-0.29962,0.20294,0.095835,0.25725,1.2247,-0.21271
-0.29879,0.20307,0.095625,0.25689,1.2245,-0.21241
-0.29795,0.2032,0.095411,0.25653,1.2244,-0.21211
-0.29712,0.20334,0.095195,0.25616,1.2242,-0.2118
-0.29628,0.20348,0.094976,0.25578,1.2241,-0.21149
-0.29545,0.20362,0.094753,0.25541,1.2239,-0.21118
-0.29462,0.20376,0.094528,0.25502,1.2238,-0.21087
-0.29378,0.20391,0.094299,0.25464,1.2236,-0.21055
-0.29295,0.20406,0.094067,0.25424,1.2235,-0.21023
-0.29212,0.20421,0.093832,0.25385,1.2233,-0.20991
-0.29128,0.20436,0.093593,0.25345,1.2232,-0.20959
-0.29045,0.20452,0.093352,0.25304,1.2231,-0.20926
-0.28962,0.20468,0.093108,0.25263,1.2229,-0.20893
-0.28879,0.20484,0.09286,0.25222,1.2228,-0.2086
-0.28796,0.20501,0.092609,0.2518,1.2227,-0.20827
-0.28712,0.20517,0.092355,0.25138,1.2225,-0.20793
-0.28629,0.20534,0.092098,0.25096,1.2224,-0.20759
-0.28546,0.20552,0.091838,0.25053,1.2223,-0.20725
-0.28463,0.20569,0.091573,0.25009,1.2221,-0.2069
-0.2838,0.20587,0.091306,0.24965,1.222,-0.20655
-0.28297,0.20605,0.091035,0.24921,1.2219,-0.2062
-0.28215,0.20624,0.090761,0.24876,1.2217,-0.20585
-0.28132,0.20642,0.090483,0.2483,1.2216,-0.20549
-0.28049,0.20661,0.090202,0.24785,1.2215,-0.20514
-0.27966,0.20681,0.089917,0.24738,1.2214,-0.20477
-0.27884,0.207,0.089629,0.24692,1.2212,-0.20441
-0.27801,0.2072,0.089337,0.24645,1.2211,-0.20404
-0.27718,0.2074,0.089042,0.24597,1.221,-0.20367
-0.27636,0.20761,0.088743,0.24549,1.2209,-0.2033
-0.27553,0.20782,0.08844,0.24501,1.2208,-0.20292
-0.27471,0.20803,0.088134,0.24452,1.2207,-0.20255
-0.27389,0.20824,0.087825,0.24402,1.2205,-0.20216
-0.27306,0.20846,0.087513,0.24353,1.2204,-0.20178
-0.27224,0.20868,0.087197,0.24302,1.2203,-0.2014
-0.27142,0.2089,0.086877,0.24252,1.2202,-0.20101
-0.2706,0.20912,0.086554,0.24201,1.2201,-0.20062
-0.26978,0.20935,0.086228,0.2415,1.22,-0.20022
-0.26896,0.20958,0.085899,0.24098,1.2199,-0.19983
-0.26814,0.20981,0.085566,0.24046,1.2198,-0.19943
-0.26732,0.21005,0.08523,0.23993,1.2197,-0.19902
-0.2665,0.21029,0.08489,0.2394,1.2196,-0.19862
-0.26569,0.21053,0.084548,0.23887,1.2195,-0.19821
-0.26487,0.21077,0.084201,0.23833,1.2194,-0.1978
-0.26405,0.21102,0.083852,0.23779,1.2193,-0.19739
-0.26324,0.21127,0.083499,0.23724,1.2192,-0.19698
-0.26242,0.21152,0.083143,0.23669,1.2191,-0.19656
-0.26161,0.21178,0.082784,0.23614,1.2189,-0.19614
-0.2608,0.21203,0.082421,0.23558,1.2188,-0.19572
-0.25998,0.21229,0.082055,0.23502,1.2187,-0.1953
-0.25917,0.21256,0.081686,0.23445,1.2187,-0.19487
-0.25836,0.21282,0.081313,0.23388,1.2186,-0.19444
-0.25755,0.21309,0.080937,0.23331,1.2185,-0.19401
-0.25674,0.21336,0.080557,0.23273,1.2184,-0.19357
-0.25593,0.21364,0.080174,0.23215,1.2183,-0.19314
-0.25512,0.21392,0.079787,0.23156,1.2182,-0.19269
-0.25432,0.2142,0.079397,0.23097,1.2181,-0.19225
-0.25351,0.21448,0.079004,0.23038,1.218,-0.19181
-0.2527,0.21476,0.078607,0.22978,1.2179,-0.19136
-0.2519,0.21505,0.078207,0.22918,1.2178,-0.19091
-0.25109,0.21534,0.077803,0.22857,1.2177,-0.19045
-0.25029,0.21564,0.077396,0.22796,1.2176,-0.19
-0.24948,0.21594,0.076986,0.22735,1.2175,-0.18954
-0.24868,0.21623,0.076572,0.22673,1.2174,-0.18908
-0.24788,0.21654,0.076156,0.22611,1.2173,-0.18861
-0.24708,0.21684,0.075735,0.22548,1.2172,-0.18815
-0.24628,0.21715,0.075312,0.22485,1.2171,-0.18768
-0.24548,0.21746,0.074885,0.22422,1.217,-0.18721
-0.24468,0.21777,0.074455,0.22358,1.2168,-0.18673
-0.24388,0.21809,0.074021,0.22294,1.2167,-0.18625
-0.24308,0.21841,0.073584,0.2223,1.2166,-0.18577
-0.24229,0.21873,0.073144,0.22165,1.2165,-0.18529
-0.24149,0.21905,0.0727,0.221,1.2164,-0.18481
-0.2407,0.21938,0.072253,0.22034,1.2163,-0.18432
-0.2399,0.21971,0.071803,0.21968,1.2162,-0.18383
-0.23911,0.22004,0.071348,0.21902,1.2161,-0.18334
-0.23832,0.22038,0.070891,0.21835,1.216,-0.18284
-0.23752,0.22072,0.07043,0.21768,1.2159,-0.18234
-0.23673,0.22106,0.069966,0.217,1.2158,-0.18184
-0.23594,0.2214,0.069499,0.21632,1.2156,-0.18134
-0.23516,0.22175,0.069029,0.21564,1.2155,-0.18083
-0.23437,0.2221,0.068556,0.21495,1.2154,-0.18033
-0.23358,0.22245,0.068079,0.21426,1.2153,-0.17981
-0.23279,0.2228,0.0676,0.21357,1.2152,-0.1793
-0.23201,0.22316,0.067116,0.21287,1.215,-0.17879
-0.23123,0.22352,0.066629,0.21217,1.2149,-0.17827
-0.23044,0.22388,0.066139,0.21147,1.2148,-0.17775
-0.22966,0.22425,0.065646,0.21076,1.2147,-0.17722
-0.22888,0.22462,0.065149,0.21005,1.2145,-0.1767
-0.2281,0.22499,0.064648,0.20934,1.2144,-0.17617
-0.22732,0.22536,0.064145,0.20862,1.2143,-0.17564
-0.22654,0.22574,0.063638,0.2079,1.2141,-0.17511
-0.22576,0.22611,0.063128,0.20718,1.214,-0.17457
-0.22498,0.2265,0.062615,0.20645,1.2138,-0.17404
-0.22421,0.22688,0.0621,0.20573,1.2137,-0.1735
-0.22343,0.22727,0.061581,0.205,1.2136,-0.17296
-0.22266,0.22765,0.061059,0.20426,1.2134,-0.17241
-0.22188,0.22805,0.060534,0.20353,1.2133,-0.17187
-0.22111,0.22844,0.060007,0.20279,1.2131,-0.17132
-0.22034,0.22883,0.059476,0.20205,1.213,-0.17078
-0.21957,0.22923,0.058943,0.20131,1.2128,-0.17023
-0.2188,0.22963,0.058407,0.20057,1.2127,-0.16968
-0.21804,0.23004,0.057868,0.19982,1.2125,-0.16913
-0.21727,0.23044,0.057326,0.19908,1.2124,-0.16857
-0.2165,0.23085,0.056781,0.19833,1.2122,-0.16802
-0.21574,0.23126,0.056234,0.19758,1.212,-0.16746
-0.21498,0.23167,0.055684,0.19683,1.2119,-0.1669
-0.21422,0.23208,0.055131,0.19607,1.2117,-0.16634
-0.21346,0.2325,0.054575,0.19532,1.2115,-0.16578
-0.2127,0.23292,0.054016,0.19456,1.2114,-0.16522
-0.21194,0.23334,0.053454,0.1938,1.2112,-0.16465
-0.21118,0.23377,0.05289,0.19305,1.211,-0.16409
-0.21042,0.23419,0.052323,0.19228,1.2108,-0.16352
-0.20967,0.23462,0.051753,0.19152,1.2107,-0.16295
-0.20891,0.23505,0.051181,0.19076,1.2105,-0.16238
-0.20816,0.23548,0.050606,0.19,1.2103,-0.16181
-0.20741,0.23592,0.050028,0.18923,1.2101,-0.16124
-0.20666,0.23636,0.049448,0.18847,1.2099,-0.16067
-0.20591,0.2368,0.048866,0.1877,1.2097,-0.1601
-0.20516,0.23724,0.04828,0.18693,1.2095,-0.15952
-0.20441,0.23768,0.047692,0.18617,1.2093,-0.15895
-0.20367,0.23813,0.047101,0.1854,1.2091,-0.15837
-0.20292,0.23858,0.046508,0.18463,1.2089,-0.15779
-0.20218,0.23903,0.045912,0.18386,1.2087,-0.15722
-0.20143,0.23948,0.045314,0.18309,1.2085,-0.15664
-0.20069,0.23993,0.044713,0.18232,1.2083,-0.15606
-0.19995,0.24039,0.04411,0.18155,1.2081,-0.15548
-0.19921,0.24085,0.043504,0.18078,1.2079,-0.1549
-0.19847,0.24131,0.042896,0.18001,1.2077,-0.15432
-0.19774,0.24177,0.042286,0.17924,1.2075,-0.15374
-0.197,0.24223,0.041674,0.17847,1.2072,-0.15315
-0.19627,0.2427,0.041059,0.17771,1.207,-0.15257
-0.19553,0.24317,0.040442,0.17694,1.2068,-0.15199
-0.1948,0.24364,0.039822,0.17618,1.2066,-0.15141
-0.19407,0.24411,0.039201,0.17542,1.2063,-0.15083
-0.19335,0.24458,0.038577,0.17467,1.2061,-0.15026
-0.19262,0.24506,0.037951,0.17392,1.2058,-0.14968
-0.1919,0.24554,0.037324,0.17317,1.2056,-0.14911
-0.19117,0.24602,0.036694,0.17243,1.2054,-0.14853
-0.19045,0.2465,0.036062,0.1717,1.2051,-0.14797
-0.18974,0.24698,0.035428,0.17097,1.2049,-0.1474
-0.18902,0.24747,0.034792,0.17025,1.2046,-0.14684
-0.18831,0.24795,0.034154,0.16954,1.2044,-0.14627
-0.18759,0.24844,0.033513,0.16882,1.2041,-0.14571
-0.18688,0.24893,0.032872,0.16811,1.2038,-0.14515
-0.18617,0.24942,0.032228,0.1674,1.2036,-0.14459
-0.18547,0.24992,0.031582,0.16671,1.2033,-0.14404
-0.18476,0.25041,0.030934,0.166,1.2031,-0.14349
-0.18406,0.25091,0.030284,0.16531,1.2028,-0.14293
-0.18336,0.25141,0.029633,0.16462,1.2025,-0.14239
-0.18266,0.25191,0.028979,0.16395,1.2023,-0.14184
-0.18196,0.25241,0.028322,0.16328,1.202,-0.1413
-0.18127,0.25291,0.027664,0.16262,1.2017,-0.14076
-0.18058,0.25342,0.027004,0.16196,1.2014,-0.14022
-0.17989,0.25392,0.026342,0.16132,1.2011,-0.13969
-0.1792,0.25443,0.025678,0.16068,1.2009,-0.13916
-0.17851,0.25494,0.025012,0.16005,1.2006,-0.13864
-0.17783,0.25546,0.024344,0.15941,1.2003,-0.13811
-0.17715,0.25597,0.023675,0.15878,1.2,-0.13758
-0.17647,0.25649,0.023004,0.15816,1.1997,-0.13706
-0.17579,0.257,0.022331,0.15754,1.1994,-0.13654
-0.17511,0.25752,0.021662,0.15694,1.1991,-0.13601
-0.17444,0.25804,0.020992,0.15634,1.1988,-0.13549
-0.17377,0.25856,0.02032,0.15575,1.1985,-0.13498
-0.1731,0.25909,0.019645,0.15517,1.1982,-0.13447
-0.17243,0.25962,0.018968,0.1546,1.1979,-0.13396
-0.17177,0.26014,0.018291,0.15403,1.1976,-0.13345
-0.17111,0.26067,0.017611,0.15346,1.1973,-0.13294
-0.17045,0.2612,0.016931,0.15291,1.1969,-0.13244
-0.16979,0.26173,0.016249,0.15236,1.1966,-0.13194
-0.16913,0.26227,0.015564,0.15182,1.1963,-0.13144
-0.16847,0.2628,0.014878,0.15128,1.196,-0.13094
-0.16782,0.26334,0.01419,0.15074,1.1957,-0.13044
-0.16716,0.26388,0.013499,0.1502,1.1953,-0.12995
-0.16651,0.26442,0.012807,0.14967,1.195,-0.12946
-0.16586,0.26496,0.012113,0.14916,1.1947,-0.12897
-0.16521,0.2655,0.011416,0.14865,1.1943,-0.12849
-0.16456,0.26605,0.010718,0.14815,1.194,-0.12801
-0.16391,0.26659,0.010018,0.14764,1.1936,-0.12753
-0.16326,0.26714,0.0093161,0.14714,1.1933,-0.12705
-0.16262,0.26769,0.0086126,0.14666,1.193,-0.12658
-0.16198,0.26824,0.0079074,0.14618,1.1926,-0.12612
-0.16134,0.2688,0.0072004,0.14571,1.1923,-0.12565
-0.1607,0.26935,0.0064928,0.14524,1.1919,-0.12519
-0.16006,0.26991,0.0057833,0.14479,1.1916,-0.12473
-0.15943,0.27047,0.005072,0.14433,1.1912,-0.12427
-0.15879,0.27102,0.00436,0.14388,1.1908,-0.12382
-0.15816,0.27159,0.0036462,0.14343,1.1905,-0.12338
-0.15753,0.27215,0.0029309,0.143,1.1901,-0.12294
-0.1569,0.27271,0.0022139,0.14257,1.1898,-0.1225
-0.15627,0.27328,0.0014953,0.14215,1.1894,-0.12208
-0.15565,0.27384,0.00077512,0.14174,1.189,-0.12165
-0.15503,0.27441,5.3678e-05,0.14134,1.1887,-0.12123
-0.1544,0.27498,-0.0006694,0.14094,1.1883,-0.1208
-0.15378,0.27555,-0.0013944,0.14054,1.1879,-0.12038
-0.15316,0.27612,-0.002121,0.14015,1.1875,-0.11997
-0.15254,0.2767,-0.0028494,0.13977,1.1871,-0.11956
-0.15192,0.27727,-0.0035793,0.13938,1.1868,-0.11916
-0.1513,0.27785,-0.0043107,0.139,1.1864,-0.11876
-0.15069,0.27842,-0.0050437,0.13864,1.186,-0.11836
-0.15008,0.279,-0.0057773,0.13827,1.1856,-0.11797
-0.14947,0.27958,-0.0065125,0.13792,1.1852,-0.11758
-0.14886,0.28016,-0.0072492,0.13758,1.1848,-0.1172
-0.14825,0.28074,-0.0079874,0.13724,1.1844,-0.11682
-0.14765,0.28133,-0.0087272,0.13691,1.184,-0.11644
-0.14705,0.28191,-0.0094686,0.13659,1.1836,-0.11605
-0.14645,0.2825,-0.010211,0.13628,1.1832,-0.11567
-0.14585,0.28308,-0.010956,0.13597,1.1828,-0.1153
-0.14525,0.28367,-0.011702,0.13568,1.1824,-0.11492
-0.14466,0.28426,-0.01245,0.13539,1.182,-0.11455
-0.14407,0.28485,-0.013199,0.13511,1.1816,-0.11418
-0.14348,0.28544,-0.01395,0.13483,1.1812,-0.11382
-0.14289,0.28603,-0.014702,0.13457,1.1808,-0.11345
-0.1423,0.28663,-0.015456,0.13431,1.1804,-0.11309
-0.14172,0.28722,-0.016212,0.13406,1.1799,-0.11274
-0.14113,0.28782,-0.016969,0.13382,1.1795,-0.11238
-0.14055,0.28842,-0.017729,0.13358,1.1791,-0.11203
-0.13997,0.28902,-0.018489,0.13336,1.1787,-0.11168
-0.13939,0.28962,-0.019252,0.13314,1.1782,-0.11133
-0.13882,0.29022,-0.020016,0.13293,1.1778,-0.11099
-0.13825,0.29082,-0.020782,0.13273,1.1774,-0.11065
-0.13768,0.29143,-0.021549,0.13254,1.1769,-0.11031
-0.13711,0.29203,-0.022319,0.13235,1.1765,-0.10997
-0.13654,0.29264,-0.023089,0.13217,1.176,-0.10963
-0.13597,0.29325,-0.02386,0.132,1.1756,-0.1093
-0.13541,0.29386,-0.024634,0.13184,1.1751,-0.10896
-0.13485,0.29447,-0.025409,0.13169,1.1747,-0.10863
-0.13429,0.29508,-0.026185,0.13154,1.1742,-0.1083
-0.13373,0.2957,-0.026963,0.1314,1.1738,-0.10798
-0.13318,0.29631,-0.027742,0.13127,1.1733,-0.10766
-0.13263,0.29692,-0.028522,0.13115,1.1729,-0.10734
-0.13207,0.29754,-0.029304,0.13103,1.1724,-0.10702
-0.13153,0.29816,-0.030088,0.13093,1.1719,-0.1067
-0.13098,0.29878,-0.030874,0.13082,1.1715,-0.10639
-0.13043,0.2994,-0.031661,0.13073,1.171,-0.10608
-0.12989,0.30002,-0.032449,0.13065,1.1705,-0.10578
-0.12935,0.30064,-0.03324,0.13057,1.17,-0.10547
-0.1288,0.30127,-0.034033,0.1305,1.1696,-0.10518
-0.12826,0.30189,-0.034829,0.13043,1.1691,-0.10488
-0.12773,0.30252,-0.035627,0.13038,1.1686,-0.10458
-0.12719,0.30315,-0.036425,0.13033,1.1681,-0.10429
-0.12665,0.30378,-0.037226,0.13029,1.1676,-0.104
-0.12612,0.30442,-0.038028,0.13025,1.1671,-0.10371
-0.12559,0.30505,-0.038831,0.13022,1.1666,-0.10342
-0.12506,0.30568,-0.039636,0.1302,1.1662,-0.10313
-0.12453,0.30632,-0.040443,0.13019,1.1657,-0.10285
-0.124,0.30695,-0.04125,0.13016,1.1652,-0.10257
-0.12348,0.30759,-0.04206,0.13015,1.1647,-0.10229
-0.12295,0.30823,-0.04287,0.13014,1.1642,-0.102
-0.12243,0.30887,-0.043682,0.13014,1.1637,-0.10172
-0.12191,0.30951,-0.044496,0.13014,1.1632,-0.10143
-0.1214,0.31016,-0.045311,0.13015,1.1627,-0.10114
-0.12088,0.3108,-0.046129,0.13017,1.1622,-0.10085
-0.12037,0.31145,-0.046949,0.1302,1.1617,-0.10057
-0.11985,0.31209,-0.047769,0.13023,1.1612,-0.10029
-0.11934,0.31274,-0.048591,0.13027,1.1606,-0.10001
-0.11884,0.31339,-0.049415,0.13031,1.1601,-0.099726
-0.11833,0.31404,-0.050239,0.13036,1.1596,-0.099444
-0.11783,0.31469,-0.051066,0.13042,1.1591,-0.099165
-0.11733,0.31535,-0.051895,0.13049,1.1586,-0.098887
-0.11683,0.316,-0.052726,0.13056,1.1581,-0.098612
-0.11632,0.31666,-0.053559,0.13064,1.1576,-0.098336
-0.11583,0.31732,-0.054392,0.13072,1.1571,-0.098063
-0.11533,0.31798,-0.055228,0.13081,1.1566,-0.097791
-0.11483,0.31864,-0.056065,0.13091,1.1561,-0.097523
-0.11434,0.3193,-0.056903,0.13101,1.1555,-0.097251
-0.11384,0.31996,-0.057743,0.13112,1.155,-0.096974
-0.11335,0.32062,-0.058585,0.13124,1.1545,-0.096699
-0.11286,0.32129,-0.059429,0.13136,1.154,-0.096426
-0.11238,0.32196,-0.060274,0.13149,1.1535,-0.096155
-0.11189,0.32262,-0.061121,0.13162,1.153,-0.095893
-0.1114,0.32329,-0.061969,0.13175,1.1525,-0.095631
-0.11092,0.32396,-0.062819,0.13186,1.152,-0.095369
-0.11043,0.32463,-0.06367,0.13199,1.1514,-0.095101
-0.10995,0.3253,-0.064523,0.1321,1.1509,-0.094834
-0.10947,0.32597,-0.065377,0.13223,1.1504,-0.094568
-0.10899,0.32665,-0.066233,0.13234,1.1499,-0.094303
-0.10851,0.32732,-0.06709,0.13247,1.1494,-0.09404
-0.10803,0.32799,-0.06795,0.13259,1.1489,-0.093779
-0.10755,0.32867,-0.06881,0.13273,1.1484,-0.09352
-0.10708,0.32935,-0.069673,0.13285,1.1478,-0.093261
-0.1066,0.33002,-0.070537,0.13299,1.1473,-0.093005
-0.10613,0.3307,-0.071404,0.13311,1.1468,-0.092748
-0.10566,0.33138,-0.072272,0.13324,1.1463,-0.09249
-0.10519,0.33206,-0.073141,0.13338,1.1458,-0.092235
-0.10472,0.33275,-0.074013,0.13352,1.1453,-0.091987
-0.10426,0.33343,-0.074886,0.13366,1.1448,-0.09174
-0.10379,0.33411,-0.07576,0.1338,1.1443,-0.091494
-0.10332,0.3348,-0.076637,0.13394,1.1438,-0.091251
-0.10286,0.33549,-0.077514,0.1341,1.1433,-0.09101
-0.10239,0.33618,-0.078393,0.13426,1.1428,-0.090771
-0.10193,0.33687,-0.079274,0.13441,1.1423,-0.090532
-0.10147,0.33756,-0.080156,0.13457,1.1417,-0.090295
-0.10101,0.33825,-0.081039,0.13473,1.1412,-0.09006
-0.10055,0.33894,-0.081924,0.1349,1.1407,-0.089826
-0.10009,0.33963,-0.082811,0.13508,1.1402,-0.089589
-0.099632,0.34033,-0.0837,0.13526,1.1398,-0.089354
-0.099176,0.34103,-0.08459,0.13544,1.1393,-0.089121
-0.098721,0.34172,-0.085482,0.13564,1.1388,-0.08889
-0.098266,0.34242,-0.086376,0.13583,1.1383,-0.088661
-0.097813,0.34312,-0.087272,0.13604,1.1378,-0.088433
-0.097361,0.34382,-0.088169,0.13625,1.1373,-0.088207
-0.096911,0.34453,-0.089068,0.13646,1.1368,-0.087983
-0.09646,0.34523,-0.089969,0.13667,1.1363,-0.087758
-0.09601,0.34594,-0.090871,0.13688,1.1358,-0.087535
-0.09556,0.34664,-0.091775,0.13709,1.1353,-0.087321
-0.095109,0.34735,-0.09268,0.13732,1.1349,-0.087116
-0.09466,0.34806,-0.093587,0.13754,1.1344,-0.086909
-0.094211,0.34877,-0.094493,0.13778,1.1339,-0.086705
-0.093764,0.34948,-0.095402,0.13801,1.1334,-0.086496
-0.093317,0.35019,-0.096311,0.13826,1.133,-0.086289
-0.09287,0.3509,-0.097222,0.1385,1.1325,-0.086083
-0.092425,0.35162,-0.098134,0.13876,1.132,-0.085879
-0.091979,0.35233,-0.099048,0.13901,1.1316,-0.085674
-0.091533,0.35305,-0.099963,0.13925,1.1311,-0.085468
-0.091088,0.35376,-0.10088,0.13949,1.1306,-0.085263
-0.090642,0.35448,-0.1018,0.13974,1.1302,-0.085063
-0.090198,0.3552,-0.10272,0.14,1.1297,-0.084865
-0.089754,0.35592,-0.10364,0.14026,1.1293,-0.084667
-0.08931,0.35664,-0.10456,0.14052,1.1288,-0.08447
-0.088868,0.35736,-0.10548,0.14079,1.1284,-0.084275
-0.088426,0.35809,-0.1064,0.14107,1.1279,-0.084083
-0.087984,0.35881,-0.10733,0.14135,1.1275,-0.083891
-0.087543,0.35953,-0.10825,0.14163,1.1271,-0.0837
-0.087102,0.36025,-0.10918,0.14192,1.1266,-0.083511
-0.086662,0.36098,-0.1101,0.14222,1.1262,-0.083323
-0.086222,0.3617,-0.11103,0.14252,1.1258,-0.083137
-0.085782,0.36243,-0.11196,0.14282,1.1254,-0.082952
-0.085342,0.36316,-0.11289,0.14312,1.1249,-0.082768
-0.084903,0.36389,-0.11382,0.14343,1.1245,-0.082583
-0.084463,0.36461,-0.11475,0.14373,1.1241,-0.082398
-0.084023,0.36534,-0.11568,0.14404,1.1237,-0.082211
-0.083582,0.36607,-0.11661,0.14434,1.1233,-0.082022
-0.083142,0.3668,-0.11755,0.14463,1.1229,-0.081831
-0.0827,0.36754,-0.11848,0.14493,1.1225,-0.081635
-0.082258,0.36827,-0.11942,0.14521,1.1221,-0.081437
-0.081815,0.369,-0.12035,0.1455,1.1217,-0.081234
-0.08137,0.36973,-0.12129,0.14577,1.1213,-0.081027
-0.080925,0.37047,-0.12223,0.14604,1.1209,-0.080815
-0.080478,0.3712,-0.12317,0.1463,1.1205,-0.080597
-0.08003,0.37194,-0.12411,0.14655,1.1201,-0.080375
-0.079581,0.37267,-0.12505,0.14679,1.1197,-0.080147
-0.07913,0.37341,-0.126,0.14703,1.1194,-0.079915
-0.07868,0.37415,-0.12694,0.14727,1.119,-0.079683
-0.078229,0.37489,-0.12789,0.1475,1.1186,-0.079446
-0.077776,0.37563,-0.12884,0.14772,1.1183,-0.079203
-0.077322,0.37637,-0.12978,0.14794,1.1179,-0.078956
-0.076867,0.37711,-0.13073,0.14816,1.1175,-0.078708
-0.076412,0.37785,-0.13168,0.14837,1.1172,-0.078456
-0.075955,0.37859,-0.13263,0.14857,1.1168,-0.078196
-0.075497,0.37933,-0.13358,0.14877,1.1165,-0.077933
-0.075037,0.38008,-0.13453,0.14895,1.1161,-0.077665
-0.074577,0.38082,-0.13548,0.14913,1.1158,-0.077392
-0.074115,0.38156,-0.13643,0.1493,1.1155,-0.077114
-0.073652,0.38231,-0.13738,0.14946,1.1151,-0.07683
-0.073188,0.38305,-0.13833,0.14962,1.1148,-0.076542
-0.072722,0.38379,-0.13929,0.14977,1.1145,-0.076249
-0.072257,0.38454,-0.14024,0.14992,1.1142,-0.075955
-0.071791,0.38529,-0.1412,0.15007,1.1139,-0.075662
-0.071323,0.38603,-0.14215,0.15021,1.1136,-0.075363
-0.070854,0.38678,-0.14311,0.15034,1.1133,-0.075059
-0.070382,0.38752,-0.14407,0.15047,1.113,-0.074758
-0.069909,0.38827,-0.14503,0.15058,1.1127,-0.074446
-0.069434,0.38902,-0.146,0.15069,1.1124,-0.074128
-0.068958,0.38977,-0.14696,0.15079,1.1121,-0.073806
-0.06848,0.39052,-0.14793,0.15088,1.1118,-0.073486
-0.068,0.39127,-0.14889,0.15097,1.1116,-0.073164
-0.067518,0.39202,-0.14986,0.15106,1.1113,-0.072836
-0.067038,0.39277,-0.15083,0.15114,1.111,-0.072495
-0.066556,0.39352,-0.1518,0.15121,1.1108,-0.072158
-0.066072,0.39427,-0.15277,0.15128,1.1105,-0.071816
-0.065589,0.39502,-0.15374,0.15134,1.1103,-0.071473
-0.065106,0.39577,-0.1547,0.15141,1.11,-0.071128
-0.064621,0.39652,-0.15567,0.15148,1.1098,-0.070777
-0.064134,0.39728,-0.15664,0.15153,1.1096,-0.070421
-0.063644,0.39803,-0.15762,0.15158,1.1094,-0.070051
-0.063155,0.39879,-0.15859,0.15162,1.1091,-0.069684
-0.062664,0.39954,-0.15956,0.15165,1.1089,-0.069313
-0.062172,0.40029,-0.16053,0.15168,1.1087,-0.068939
-0.061678,0.40105,-0.16151,0.15171,1.1085,-0.068554
-0.061181,0.40181,-0.16248,0.15173,1.1083,-0.068164
-0.060683,0.40256,-0.16346,0.15174,1.1081,-0.067767
-0.060184,0.40332,-0.16443,0.15174,1.1079,-0.06737
-0.059683,0.40408,-0.16541,0.15174,1.1078,-0.066974
-0.059182,0.40483,-0.16639,0.15173,1.1076,-0.066566
-0.058681,0.40559,-0.16736,0.15172,1.1074,-0.066155
-0.058178,0.40634,-0.16834,0.15171,1.1073,-0.065738
-0.057673,0.4071,-0.16932,0.15169,1.1071,-0.065312
-0.057167,0.40786,-0.17029,0.15167,1.1069,-0.064881
-0.056658,0.40861,-0.17127,0.15163,1.1068,-0.064446
-0.056148,0.40937,-0.17225,0.15159,1.1067,-0.063998
-0.055635,0.41013,-0.17323,0.15154,1.1065,-0.063545
-0.055121,0.41089,-0.17421,0.15148,1.1064,-0.063094
-0.054606,0.41165,-0.17519,0.15143,1.1063,-0.06264
-0.054091,0.41241,-0.17617,0.15137,1.1061,-0.062175
-0.053573,0.41317,-0.17715,0.1513,1.106,-0.061704
-0.053054,0.41393,-0.17813,0.15123,1.1059,-0.061223
-0.052533,0.41469,-0.17911,0.15116,1.1058,-0.06074
-0.052011,0.41545,-0.18009,0.15108,1.1057,-0.060252
-0.051487,0.41621,-0.18107,0.151,1.1056,-0.05976
-0.05096,0.41697,-0.18205,0.15091,1.1055,-0.059259
-0.050432,0.41774,-0.18304,0.15081,1.1055,-0.058753
-0.049901,0.4185,-0.18402,0.15071,1.1054,-0.058244
-0.049368,0.41926,-0.185,0.15061,1.1053,-0.05773
-0.048833,0.42002,-0.18598,0.15049,1.1052,-0.057213
-0.048297,0.42079,-0.18696,0.15037,1.1052,-0.0567
-0.047758,0.42155,-0.18795,0.15025,1.1051,-0.056183
-0.047218,0.42231,-0.18893,0.15012,1.1051,-0.055663
-0.046677,0.42307,-0.18991,0.14999,1.1051,-0.055139
-0.046133,0.42384,-0.19089,0.14985,1.105,-0.054612
-0.045587,0.4246,-0.19187,0.14971,1.105,-0.054082
-0.045039,0.42537,-0.19285,0.14956,1.105,-0.053547
-0.044488,0.42613,-0.19383,0.14941,1.105,-0.053009
-0.043935,0.42689,-0.19481,0.14925,1.105,-0.052468
-0.043381,0.42766,-0.19579,0.14909,1.105,-0.051923
-0.042823,0.42842,-0.19678,0.14892,1.105,-0.051375
-0.042264,0.42919,-0.19776,0.14875,1.105,-0.050824
-0.041702,0.42995,-0.19874,0.14858,1.105,-0.050269
-0.041138,0.43072,-0.19972,0.1484,1.105,-0.049711
-0.040572,0.43148,-0.2007,0.14822,1.105,-0.049151
-0.040004,0.43225,-0.20168,0.14803,1.1051,-0.048587
-0.039434,0.43301,-0.20265,0.14785,1.1051,-0.048021
-0.038863,0.43378,-0.20363,0.14765,1.1052,-0.047459
-0.038289,0.43454,-0.20461,0.14746,1.1052,-0.046895
-0.037714,0.4353,-0.20558,0.14726,1.1053,-0.046329
-0.037136,0.43607,-0.20656,0.14706,1.1054,-0.04576
-0.036557,0.43683,-0.20754,0.14685,1.1054,-0.045188
-0.035976,0.43759,-0.20851,0.14665,1.1055,-0.044614
-0.035392,0.43836,-0.20948,0.14644,1.1056,-0.044037
-0.034806,0.43912,-0.21046,0.14622,1.1057,-0.043459
-0.034219,0.43988,-0.21143,0.14601,1.1058,-0.042877
-0.033629,0.44064,-0.2124,0.14579,1.1059,-0.042294
-0.033037,0.44141,-0.21337,0.14557,1.106,-0.041708
-0.032444,0.44217,-0.21434,0.14535,1.1061,-0.04112
-0.031848,0.44293,-0.21531,0.14513,1.1062,-0.040531
-0.03125,0.44369,-0.21628,0.14491,1.1064,-0.039939
-0.030651,0.44445,-0.21724,0.14468,1.1065,-0.039345
-0.03005,0.44521,-0.21821,0.14446,1.1066,-0.038746
-0.029447,0.44597,-0.21917,0.14423,1.1068,-0.038148
-0.028843,0.44672,-0.22013,0.144,1.1069,-0.037548
-0.028237,0.44748,-0.22109,0.14377,1.1071,-0.036946
-0.027628,0.44824,-0.22205,0.14354,1.1072,-0.036342
-0.027017,0.44899,-0.22301,0.14331,1.1074,-0.035737
-0.026404,0.44975,-0.22397,0.14307,1.1076,-0.035132
-0.02579,0.45051,-0.22493,0.14284,1.1077,-0.034525
-0.025172,0.45126,-0.22589,0.14261,1.1079,-0.033916
-0.024555,0.45202,-0.22685,0.14239,1.1081,-0.033308
-0.023934,0.45278,-0.2278,0.14217,1.1083,-0.032699
-0.023312,0.45353,-0.22876,0.14195,1.1085,-0.032096
-0.022687,0.45429,-0.22971,0.14173,1.1087,-0.031492
-0.022058,0.45504,-0.23066,0.14151,1.1089,-0.030896
-0.021428,0.4558,-0.23161,0.1413,1.1091,-0.030299
-0.020796,0.45655,-0.23256,0.14108,1.1094,-0.029701
-0.020162,0.45731,-0.23351,0.14086,1.1096,-0.029102
-0.019525,0.45806,-0.23446,0.14064,1.1098,-0.028501
-0.018887,0.45881,-0.2354,0.14042,1.1101,-0.027899
-0.018244,0.45957,-0.23635,0.1402,1.1103,-0.027303
-0.017599,0.46032,-0.23729,0.13998,1.1106,-0.026705
-0.016952,0.46107,-0.23824,0.13977,1.1108,-0.026106
-0.016303,0.46182,-0.23918,0.13955,1.1111,-0.025506
-0.015652,0.46258,-0.24012,0.13933,1.1113,-0.024909
-0.015001,0.46333,-0.24106,0.13911,1.1116,-0.024313
-0.014347,0.46408,-0.242,0.13889,1.1118,-0.023716
-0.013692,0.46483,-0.24294,0.13867,1.1121,-0.023118
-0.013034,0.46558,-0.24388,0.13846,1.1124,-0.022523
-0.012375,0.46633,-0.24481,0.13824,1.1127,-0.021931
-0.011714,0.46708,-0.24575,0.13802,1.113,-0.021346
-0.011051,0.46783,-0.24668,0.1378,1.1132,-0.020759
-0.010385,0.46858,-0.24762,0.13759,1.1135,-0.020172
-0.0097174,0.46933,-0.24855,0.13737,1.1139,-0.019582
-0.0090477,0.47007,-0.24948,0.13715,1.1142,-0.018985
-0.0083765,0.47082,-0.25041,0.13695,1.1145,-0.018393
-0.0077037,0.47157,-0.25134,0.13676,1.1148,-0.017808
-0.0070285,0.47232,-0.25227,0.13657,1.1151,-0.017234
-0.0063523,0.47307,-0.2532,0.1364,1.1154,-0.016668
-0.0056732,0.47382,-0.25412,0.13623,1.1158,-0.016095
-0.0049928,0.47457,-0.25505,0.13607,1.1161,-0.015523
-0.0043101,0.47532,-0.25597,0.13591,1.1164,-0.014949
-0.003625,0.47607,-0.2569,0.13575,1.1168,-0.014374
-0.0029375,0.47682,-0.25782,0.13559,1.1171,-0.013797
-0.0022484,0.47757,-0.25874,0.13544,1.1175,-0.013221
-0.0015569,0.47832,-0.25966,0.13529,1.1178,-0.012644
-0.00086369,0.47907,-0.26058,0.13516,1.1182,-0.012067
-0.0001676,0.47982,-0.2615,0.13503,1.1186,-0.011491
0.00053118,0.48057,-0.26241,0.1349,1.1189,-0.010914
0.001232,0.48132,-0.26332,0.13476,1.1193,-0.010329
0.0019335,0.48206,-0.26424,0.13464,1.1197,-0.0097483
0.0026376,0.48281,-0.26515,0.13453,1.1201,-0.0091733
0.0033414,0.48356,-0.26606,0.13441,1.1205,-0.0085918
0.0040474,0.48431,-0.26697,0.13429,1.1208,-0.0080089
0.004756,0.48505,-0.26788,0.13417,1.1212,-0.0074284
0.0054664,0.4858,-0.26878,0.13407,1.1216,-0.0068418
0.0061792,0.48655,-0.26969,0.13396,1.122,-0.006261
0.0068943,0.48729,-0.2706,0.13386,1.1224,-0.0056787
0.0076121,0.48804,-0.27151,0.13375,1.1228,-0.0050948
0.0083324,0.48878,-0.27241,0.13365,1.1233,-0.0045229
0.0090552,0.48952,-0.27332,0.13354,1.1237,-0.0039431
0.0097803,0.49027,-0.27422,0.13344,1.1241,-0.0033656
0.010508,0.49101,-0.27513,0.13333,1.1245,-0.0027941
0.011237,0.49175,-0.27603,0.13323,1.125,-0.0022211
0.011968,0.49249,-0.27693,0.13313,1.1254,-0.0016487
0.012702,0.49323,-0.27782,0.13302,1.1259,-0.0010749
0.013438,0.49397,-0.27872,0.13292,1.1263,-0.00049654
0.014176,0.49471,-0.27961,0.13283,1.1268,8.0951e-05
0.014917,0.49545,-0.28051,0.13274,1.1272,0.00065147
0.015659,0.49619,-0.2814,0.13265,1.1277,0.0012387
0.016403,0.49693,-0.28229,0.13256,1.1282,0.0018425
0.017149,0.49767,-0.28319,0.13248,1.1287,0.0024446
0.017897,0.49841,-0.28408,0.13239,1.1292,0.0030485
0.018647,0.49915,-0.28497,0.1323,1.1297,0.003648
0.0194,0.49989,-0.28586,0.13222,1.1301,0.0042485
0.020154,0.50063,-0.28675,0.13213,1.1306,0.0048507
0.020911,0.50138,-0.28764,0.13205,1.1312,0.005454
0.021669,0.50212,-0.28853,0.13198,1.1317,0.0060568
0.022428,0.50286,-0.28942,0.13192,1.1322,0.0066575
0.023189,0.5036,-0.2903,0.13186,1.1327,0.0072531
0.023952,0.50434,-0.29119,0.1318,1.1332,0.007846
0.024717,0.50508,-0.29207,0.13174,1.1337,0.0084407
0.025484,0.50582,-0.29296,0.13168,1.1343,0.0090347
0.026252,0.50656,-0.29384,0.13162,1.1348,0.0096226
0.027023,0.5073,-0.29472,0.13156,1.1353,0.010213
0.027796,0.50804,-0.2956,0.13151,1.1358,0.010806
0.028572,0.50878,-0.29648,0.13145,1.1364,0.011393
0.029348,0.50953,-0.29735,0.1314,1.1369,0.011979
0.030126,0.51027,-0.29823,0.13134,1.1375,0.012568
0.030906,0.51101,-0.29911,0.13129,1.138,0.013165
0.031688,0.51175,-0.29998,0.13123,1.1386,0.013763
0.032473,0.51249,-0.30086,0.13118,1.1391,0.014371
0.033259,0.51323,-0.30173,0.13113,1.1397,0.014979
0.034047,0.51397,-0.30261,0.13109,1.1402,0.015588
0.034836,0.51471,-0.30348,0.13105,1.1408,0.016196
0.035626,0.51546,-0.30435,0.13101,1.1414,0.016803
0.036417,0.5162,-0.30523,0.13098,1.1419,0.017409
0.037209,0.51694,-0.3061,0.13096,1.1425,0.018014
0.038002,0.51768,-0.30697,0.13094,1.1431,0.018616
0.038797,0.51842,-0.30784,0.13093,1.1436,0.019217
0.039592,0.51916,-0.30871,0.13093,1.1442,0.019816
0.040388,0.5199,-0.30957,0.13094,1.1448,0.020412
0.041185,0.52064,-0.31044,0.13095,1.1454,0.021007
0.041983,0.52138,-0.3113,0.13097,1.146,0.021599
0.042781,0.52212,-0.31217,0.131,1.1466,0.022181
0.04358,0.52286,-0.31303,0.13103,1.1472,0.022761
0.04438,0.5236,-0.31389,0.13107,1.1477,0.023331
0.045181,0.52434,-0.31476,0.13112,1.1483,0.023892
0.045984,0.52508,-0.31562,0.13118,1.1489,0.024451
0.046788,0.52582,-0.31648,0.13124,1.1495,0.025008
0.047593,0.52656,-0.31734,0.13131,1.1502,0.025564
0.048399,0.5273,-0.31821,0.13139,1.1508,0.026118
0.049205,0.52804,-0.31907,0.13147,1.1514,0.026669
0.050013,0.52879,-0.31993,0.13156,1.152,0.027211
0.050823,0.52953,-0.32079,0.13166,1.1526,0.027751
0.051632,0.53027,-0.32164,0.13176,1.1532,0.02829
0.052443,0.53101,-0.3225,0.13188,1.1538,0.028826
0.053255,0.53175,-0.32336,0.132,1.1544,0.029361
0.054068,0.5325,-0.32422,0.13212,1.155,0.029893
0.054881,0.53324,-0.32508,0.13225,1.1556,0.030416
0.055695,0.53398,-0.32593,0.13239,1.1562,0.030938
0.056509,0.53472,-0.32679,0.13254,1.1568,0.031457
0.057325,0.53546,-0.32764,0.13269,1.1575,0.031974
0.058141,0.5362,-0.32849,0.13285,1.1581,0.03249
0.058959,0.53695,-0.32935,0.13302,1.1587,0.032999
0.059777,0.53769,-0.3302,0.13319,1.1593,0.033505
0.060595,0.53843,-0.33105,0.13337,1.16,0.034009
0.061414,0.53917,-0.3319,0.13356,1.1606,0.034511
0.062234,0.53991,-0.33275,0.13375,1.1612,0.035011
0.063054,0.54065,-0.3336,0.13396,1.1618,0.035509
0.063875,0.5414,-0.33445,0.13416,1.1624,0.035997
0.064697,0.54214,-0.3353,0.13438,1.1631,0.036481
0.06552,0.54288,-0.33615,0.1346,1.1637,0.036969
0.066344,0.54362,-0.337,0.13483,1.1643,0.037456
0.067169,0.54437,-0.33784,0.13507,1.1649,0.037941
0.067997,0.54511,-0.33869,0.13531,1.1655,0.038425
0.068826,0.54585,-0.33954,0.13556,1.1662,0.038908
0.069655,0.5466,-0.34039,0.13582,1.1668,0.039389
0.070485,0.54734,-0.34124,0.13608,1.1674,0.039867
0.071314,0.54809,-0.34208,0.13635,1.168,0.040342
0.072143,0.54883,-0.34292,0.13663,1.1686,0.040815
0.072974,0.54957,-0.34377,0.13691,1.1692,0.041278
0.073805,0.55032,-0.34461,0.13721,1.1698,0.04174
0.074636,0.55106,-0.34545,0.1375,1.1705,0.042198
0.075468,0.5518,-0.3463,0.13781,1.1711,0.042654
0.0763,0.55255,-0.34713,0.13812,1.1717,0.043109
0.077133,0.55329,-0.34797,0.13844,1.1723,0.043562
0.077966,0.55403,-0.34881,0.13876,1.1729,0.044009
0.078801,0.55478,-0.34965,0.13909,1.1735,0.044454
0.079636,0.55552,-0.35049,0.13943,1.1741,0.044897
0.080472,0.55626,-0.35133,0.13978,1.1747,0.045339
0.081309,0.55701,-0.35217,0.14012,1.1753,0.045779
0.082147,0.55775,-0.35301,0.14048,1.1759,0.046225
0.082985,0.5585,-0.35384,0.14084,1.1765,0.04667
0.083825,0.55924,-0.35468,0.14121,1.177,0.047112
0.084664,0.55999,-0.35552,0.14159,1.1776,0.047553
0.085504,0.56073,-0.35635,0.14197,1.1782,0.047991
0.086345,0.56148,-0.35719,0.14236,1.1788,0.04843
0.087186,0.56222,-0.35802,0.14275,1.1794,0.048873
0.088028,0.56297,-0.35886,0.14315,1.1799,0.049307
0.088871,0.56371,-0.35969,0.14356,1.1805,0.04974
0.089714,0.56446,-0.36053,0.14397,1.1811,0.050171
0.090558,0.56521,-0.36136,0.14439,1.1817,0.0506
0.091403,0.56596,-0.3622,0.14481,1.1822,0.051029
0.092249,0.5667,-0.36304,0.14524,1.1828,0.051465
0.093097,0.56745,-0.36387,0.14567,1.1833,0.0519
0.093945,0.5682,-0.36471,0.14611,1.1839,0.052333
0.094795,0.56895,-0.36554,0.14656,1.1845,0.052774
0.095646,0.5697,-0.36638,0.147,1.185,0.053205
0.096498,0.57045,-0.36721,0.14746,1.1856,0.053627
0.097351,0.5712,-0.36804,0.14791,1.1861,0.054048
0.098204,0.57195,-0.36886,0.14837,1.1866,0.054469
0.099059,0.5727,-0.36969,0.14884,1.1872,0.054893
0.099915,0.57345,-0.37052,0.1493,1.1877,0.055315
0.10077,0.5742,-0.37135,0.14977,1.1883,0.055737
0.10163,0.57496,-0.37218,0.15025,1.1888,0.056158
0.10249,0.57571,-0.37301,0.15073,1.1893,0.056578
0.10334,0.57646,-0.37384,0.15121,1.1898,0.056997
0.1042,0.57722,-0.37467,0.15169,1.1904,0.057417
0.10506,0.57797,-0.3755,0.15218,1.1909,0.057836
0.10592,0.57872,-0.37633,0.15267,1.1914,0.058254
0.10679,0.57948,-0.37716,0.15316,1.1919,0.058668
0.10765,0.58023,-0.37799,0.15366,1.1924,0.059082
0.10851,0.58099,-0.37882,0.15415,1.1929,0.059492
0.10938,0.58174,-0.37965,0.15465,1.1934,0.059894
0.11024,0.5825,-0.38048,0.15515,1.1939,0.060297
0.11111,0.58326,-0.38131,0.15566,1.1944,0.060699
0.11198,0.58401,-0.38214,0.15616,1.1949,0.061111
0.11284,0.58477,-0.38297,0.15667,1.1954,0.061522
0.11372,0.58553,-0.3838,0.15718,1.1959,0.061928
0.11459,0.58629,-0.38463,0.15769,1.1964,0.062336
0.11547,0.58705,-0.38546,0.1582,1.1968,0.062754
0.11635,0.58781,-0.3863,0.15872,1.1973,0.063173
0.11723,0.58857,-0.38713,0.15923,1.1978,0.063594
0.11811,0.58934,-0.38797,0.15975,1.1983,0.064016
0.11899,0.5901,-0.3888,0.16027,1.1987,0.064438
0.11987,0.59086,-0.38964,0.16079,1.1992,0.064862
0.12076,0.59163,-0.39047,0.16131,1.1997,0.065287
0.12164,0.59239,-0.3913,0.16182,1.2001,0.065713
0.12253,0.59316,-0.39214,0.16234,1.2006,0.066139
0.12342,0.59392,-0.39297,0.16286,1.201,0.066567
0.1243,0.59469,-0.39381,0.16338,1.2015,0.066987
0.12519,0.59545,-0.39464,0.1639,1.2019,0.067409
0.12609,0.59622,-0.39548,0.16442,1.2023,0.067832
0.12698,0.59699,-0.39631,0.16494,1.2028,0.068248
0.12787,0.59775,-0.39715,0.16546,1.2032,0.068665
0.12877,0.59852,-0.39798,0.16597,1.2036,0.069081
0.12966,0.59929,-0.39882,0.16649,1.204,0.069499
0.13056,0.60006,-0.39966,0.167,1.2045,0.069925
0.13146,0.60083,-0.40049,0.16752,1.2049,0.070346
0.13236,0.6016,-0.40133,0.16803,1.2053,0.070762
0.13326,0.60237,-0.40217,0.16855,1.2057,0.071176
0.13416,0.60314,-0.403,0.16906,1.2061,0.071592
0.13506,0.60391,-0.40384,0.16957,1.2065,0.072005
0.13596,0.60468,-0.40468,0.17008,1.2069,0.072421
0.13687,0.60545,-0.40552,0.17059,1.2073,0.072834
0.13778,0.60623,-0.40637,0.17109,1.2077,0.073239
0.13869,0.607,-0.40721,0.1716,1.2081,0.073647
0.1396,0.60778,-0.40805,0.17211,1.2084,0.074056
0.14051,0.60855,-0.40889,0.17261,1.2088,0.074475
0.14142,0.60933,-0.40973,0.17311,1.2091,0.074894
0.14234,0.6101,-0.41058,0.17361,1.2095,0.075316
0.14325,0.61087,-0.41141,0.17411,1.2099,0.075737
0.14417,0.61164,-0.41224,0.17461,1.2102,0.07616
0.14509,0.61241,-0.41308,0.17511,1.2106,0.07659
0.14601,0.61318,-0.41391,0.1756,1.2109,0.077017
0.14693,0.61395,-0.41475,0.1761,1.2113,0.07744
0.14785,0.61472,-0.41559,0.17659,1.2116,0.077873
0.14877,0.61549,-0.41642,0.17709,1.212,0.078304
0.1497,0.61626,-0.41726,0.17758,1.2123,0.078737
0.15063,0.61704,-0.4181,0.17807,1.2126,0.079173
0.15156,0.61781,-0.41894,0.17856,1.2129,0.079613
0.15249,0.61859,-0.41978,0.17905,1.2133,0.08005
0.15342,0.61936,-0.42062,0.17954,1.2136,0.08049
0.15435,0.62014,-0.42146,0.18003,1.2139,0.080929
0.15529,0.62092,-0.4223,0.18051,1.2141,0.081374
0.15622,0.62169,-0.42314,0.181,1.2144,0.081828
0.15716,0.62247,-0.42398,0.18148,1.2147,0.082286
0.15809,0.62324,-0.42482,0.18196,1.215,0.082744
0.15903,0.62402,-0.42567,0.18244,1.2153,0.083194
0.15997,0.6248,-0.42651,0.18292,1.2156,0.083645
0.16091,0.62557,-0.42735,0.18339,1.2158,0.084091
0.16185,0.62635,-0.42819,0.18387,1.2161,0.084539
0.16279,0.62713,-0.42904,0.18434,1.2164,0.084997
0.16373,0.62791,-0.42988,0.18482,1.2166,0.085456
0.16468,0.62869,-0.43072,0.18529,1.2168,0.085924
0.16562,0.62947,-0.43157,0.18576,1.2171,0.086394
0.16608,0.62985,-0.43199,0.18601,1.2173,0.086599
0.16653,0.63023,-0.4324,0.18627,1.2175,0.086805
0.16699,0.63062,-0.43282,0.18652,1.2177,0.08701
0.16744,0.631,-0.43324,0.18678,1.218,0.087218
0.1679,0.63138,-0.43366,0.18703,1.2182,0.087433
0.16835,0.63176,-0.43407,0.18728,1.2184,0.087644
0.16881,0.63215,-0.43449,0.18754,1.2186,0.087854
0.16927,0.63253,-0.43491,0.18779,1.2188,0.088069
0.16972,0.63291,-0.43533,0.18804,1.2191,0.088276
0.17018,0.63329,-0.43574,0.18829,1.2193,0.088491
0.17064,0.63368,-0.43616,0.18855,1.2195,0.088706
0.1711,0.63406,-0.43657,0.1888,1.2197,0.088921
0.17156,0.63445,-0.43699,0.18905,1.2199,0.089145
0.17202,0.63484,-0.4374,0.1893,1.2202,0.089361
0.17247,0.63522,-0.43781,0.18955,1.2204,0.089582
0.17293,0.63561,-0.43823,0.18979,1.2206,0.089811
0.17339,0.636,-0.43864,0.19004,1.2208,0.09004
0.17385,0.63639,-0.43906,0.19029,1.221,0.090271
0.17431,0.63678,-0.43948,0.19054,1.2212,0.090502
0.17478,0.63717,-0.43989,0.19079,1.2214,0.09073
0.17524,0.63756,-0.44031,0.19103,1.2216,0.090958
0.1757,0.63794,-0.44073,0.19128,1.2218,0.091195
0.17616,0.63833,-0.44114,0.19152,1.2219,0.091424
0.17662,0.63872,-0.44156,0.19177,1.2221,0.091643
0.17708,0.63911,-0.44198,0.19201,1.2223,0.091862
0.17754,0.63949,-0.44239,0.19226,1.2225,0.092081
0.178,0.63988,-0.44281,0.1925,1.2226,0.092299
0.17846,0.64027,-0.44322,0.19274,1.2228,0.092517
0.17892,0.64066,-0.44364,0.19298,1.223,0.092735
0.17938,0.64104,-0.44405,0.19322,1.2232,0.092953
0.17984,0.64143,-0.44447,0.19346,1.2233,0.093171
0.1803,0.64181,-0.44488,0.1937,1.2235,0.093388
0.18077,0.6422,-0.4453,0.19394,1.2237,0.093614
0.18123,0.64259,-0.44571,0.19418,1.2238,0.093848
0.18169,0.64297,-0.44612,0.19442,1.224,0.094082
0.18215,0.64336,-0.44654,0.19466,1.2241,0.094316
0.18261,0.64374,-0.44695,0.1949,1.2243,0.094559
0.18308,0.64413,-0.44737,0.19514,1.2245,0.094801
0.18354,0.64452,-0.44779,0.19537,1.2246,0.095042
0.184,0.64491,-0.44821,0.19561,1.2248,0.095293
0.18447,0.64529,-0.44863,0.19585,1.2249,0.095544
0.18493,0.64568,-0.44905,0.19608,1.225,0.095795
0.1854,0.64607,-0.44947,0.19632,1.2252,0.096037
0.18586,0.64646,-0.44989,0.19655,1.2253,0.09628
0.18633,0.64685,-0.45032,0.19678,1.2255,0.096511
0.18679,0.64724,-0.45074,0.19702,1.2256,0.096743
0.18725,0.64762,-0.45116,0.19725,1.2258,0.096974
0.18772,0.64801,-0.45158,0.19748,1.2259,0.097205
0.18819,0.6484,-0.452,0.19772,1.2261,0.097436
0.18865,0.64879,-0.45242,0.19795,1.2262,0.097667
0.18912,0.64918,-0.45284,0.19818,1.2264,0.097897
0.18959,0.64957,-0.45326,0.19841,1.2265,0.098128
0.19006,0.64996,-0.45369,0.19865,1.2266,0.098358
0.19053,0.65036,-0.45411,0.19888,1.2268,0.098588
0.191,0.65075,-0.45453,0.19911,1.2269,0.098817
0.19147,0.65114,-0.45496,0.19934,1.227,0.099046
0.19194,0.65154,-0.45539,0.19957,1.2271,0.099275
0.19241,0.65193,-0.45581,0.1998,1.2273,0.099514
0.19288,0.65233,-0.45624,0.20003,1.2274,0.099752
0.19336,0.65272,-0.45667,0.20026,1.2275,0.1
0.19383,0.65312,-0.45709,0.20049,1.2276,0.10026
0.1943,0.65351,-0.45752,0.20072,1.2277,0.10052
0.19478,0.6539,-0.45794,0.20095,1.2278,0.10078
0.19525,0.6543,-0.45837,0.20118,1.2279,0.10104
0.19573,0.65469,-0.45879,0.20141,1.228,0.1013
0.1962,0.65509,-0.45922,0.20163,1.2281,0.10156
0.19668,0.65548,-0.45965,0.20186,1.2283,0.10183
0.19715,0.65588,-0.46007,0.20209,1.2284,0.1021
0.19763,0.65628,-0.4605,0.20232,1.2285,0.10236
0.19811,0.65667,-0.46092,0.20254,1.2286,0.10263
0.19858,0.65707,-0.46135,0.20277,1.2287,0.1029
0.19906,0.65746,-0.46178,0.20299,1.2288,0.10317
0.19954,0.65786,-0.46221,0.20322,1.2289,0.10345
0.20002,0.65826,-0.46264,0.20345,1.2289,0.10374
0.2005,0.65866,-0.46306,0.20367,1.229,0.10402
0.20098,0.65906,-0.46349,0.2039,1.2291,0.1043
0.20147,0.65946,-0.46392,0.20412,1.2292,0.10458
0.20195,0.65986,-0.46435,0.20435,1.2293,0.10487
0.20243,0.66026,-0.46478,0.20457,1.2293,0.10516
0.20292,0.66066,-0.46522,0.2048,1.2294,0.10544
0.2034,0.66106,-0.46565,0.20502,1.2295,0.10573
0.20389,0.66147,-0.46608,0.20525,1.2295,0.10602
0.20438,0.66187,-0.46651,0.20547,1.2296,0.10631
0.20486,0.66227,-0.46694,0.20569,1.2296,0.10661
0.20535,0.66267,-0.46737,0.20592,1.2297,0.10692
0.20584,0.66308,-0.4678,0.20614,1.2298,0.10722
0.20633,0.66348,-0.46824,0.20636,1.2298,0.10751
0.20682,0.66388,-0.46867,0.20658,1.2299,0.1078
0.2073,0.66428,-0.4691,0.2068,1.2299,0.1081
0.20779,0.66468,-0.46953,0.20702,1.23,0.10839
0.20827,0.66508,-0.46996,0.20724,1.23,0.10868
0.20876,0.66549,-0.47039,0.20746,1.2301,0.10897
0.20925,0.66589,-0.47082,0.20768,1.2301,0.10926
0.20974,0.66629,-0.47125,0.2079,1.2301,0.10956
0.21023,0.66669,-0.47168,0.20812,1.2302,0.10986
0.21072,0.6671,-0.47211,0.20833,1.2302,0.11017
0.21121,0.6675,-0.47254,0.20855,1.2302,0.11047
0.2117,0.66791,-0.47297,0.20877,1.2303,0.11078
0.2122,0.66831,-0.4734,0.20899,1.2303,0.11109
